VERTEX_POSE A0 -0.771542 0.067858 -0.443323 0.794064 0.495146 -0.352551 0.007589 -0.588044 -0.808793 0.607787 -0.639558 0.470702
VERTEX_POSE A1 -0.734242 -0.777600 -0.223469 0.769757 -0.515696 -0.376207 -0.359093 -0.837087 0.412719 0.527756 0.182600 0.829537
VERTEX_POSE A2 -0.687111 -0.830596 -0.857705 0.520308 0.633408 -0.572777 0.758416 -0.651032 -0.031005 -0.392535 -0.418271 -0.819125
VERTEX_POSE A3 -0.213045 0.919696 -0.216712 0.608421 -0.758999 0.231828 0.622713 0.637670 0.453438 0.491989 0.131518 -0.860610
VERTEX_POSE A4 -0.800329 -0.285537 -0.266475 -0.145082 0.831553 -0.536163 0.742018 -0.267015 -0.614908 0.654493 0.487054 0.578288
VERTEX_POSE A5 -0.001069 -0.340853 -0.959462 -0.712710 -0.621407 0.325419 -0.298265 -0.151426 -0.942395 0.634888 -0.768716 -0.077421
VERTEX_POSE A6 0.315515 0.385694 0.471832 -0.905163 -0.290088 -0.310691 0.423187 -0.546380 -0.722760 -0.039908 0.785696 -0.617324
VERTEX_POSE A7 0.864633 -0.689950 0.685266 -0.462944 -0.736366 0.493405 0.871544 -0.276708 0.404775 0.161533 -0.617413 -0.769876
VERTEX_POSE A8 -0.027107 -0.030673 0.292234 0.422146 -0.264607 0.867050 0.766754 0.614468 -0.185790 0.483614 -0.743244 -0.462283
VERTEX_POSE A9 0.037177 -0.063225 0.537736 0.831070 -0.153939 -0.534439 -0.548658 -0.384297 -0.742489 0.091085 -0.910285 0.403838
VERTEX_POSE A10 -0.325675 0.781846 -0.882258 0.530129 -0.840258 -0.113707 0.285476 0.050598 0.957049 -0.798415 -0.539820 0.266697
VERTEX_POSE A11 -0.505861 0.137398 -0.065466 -0.372154 -0.723857 0.580975 0.630306 0.262382 0.730664 0.681333 -0.638112 -0.358605
VERTEX_POSE A12 0.860225 0.682831 0.724339 0.375217 -0.758085 -0.533404 0.034457 0.586457 -0.809247 0.926296 0.285264 0.246170
VERTEX_POSE A13 0.232064 -0.540190 -0.384854 0.551777 0.752547 0.359465 -0.217999 0.546178 -0.808805 -0.804996 0.367917 0.465423
VERTEX_POSE A14 -0.726509 -0.460387 0.618546 -0.806494 0.218403 -0.549425 0.591119 0.316823 -0.741756 -0.012069 0.922997 0.384618
VERTEX_POSE A15 -0.984540 -0.865366 -0.643552 0.975425 -0.027841 -0.218564 -0.118251 0.770860 -0.625932 0.185909 0.636395 0.748625
VERTEX_POSE A16 -0.400268 -0.558851 -0.273672 0.847454 0.049940 0.528514 0.474444 0.375404 -0.796226 -0.238169 0.925515 0.294444
VERTEX_POSE A17 0.792585 0.351193 0.763850 0.539375 0.766709 0.348185 0.834932 -0.540653 -0.102870 0.109376 0.346196 -0.931764
VERTEX_POSE A18 -0.760537 -0.100772 0.175669 0.216526 0.261793 -0.940521 -0.377726 -0.865883 -0.327978 0.900244 -0.426276 0.088600
VERTEX_POSE A19 -0.196480 0.860249 0.016160 -0.258507 -0.764444 0.590592 0.559597 0.379841 0.736595 -0.787417 0.520909 0.329589
VERTEX_POSE A20 0.681111 -0.407462 0.712346 0.388960 -0.803131 0.451322 0.694007 -0.066736 -0.716869 0.605859 0.592053 0.531421
VERTEX_POSE A21 0.754428 0.954841 0.745431 -0.239167 -0.940040 -0.243154 0.732571 -0.339056 0.590238 0.637290 0.036962 -0.769737
VERTEX_POSE A22 -0.081059 0.468893 -0.859885 -0.699462 0.713873 0.033720 0.067272 0.018794 0.997558 0.711496 0.700022 -0.061170
VERTEX_POSE A23 0.350082 0.921058 0.649902 -0.560531 0.431311 0.706948 0.763923 0.598889 0.240322 -0.319730 0.674761 -0.665184
VERTEX_POSE A24 0.054259 0.685335 0.163276 0.475548 0.878592 -0.043927 0.874408 -0.466640 0.132880 -0.096249 0.101601 0.990158
VERTEX_POSE A25 -0.450625 -0.902687 0.479388 0.787536 0.472421 -0.395733 -0.614248 0.653682 -0.442039 0.049855 0.591200 0.804982
VERTEX_POSE A26 -0.038539 0.101880 0.154919 -0.562268 -0.085220 -0.822552 -0.710067 -0.460076 0.533043 0.423862 -0.883780 -0.198174
VERTEX_POSE A27 -0.919327 -0.772921 -0.803838 0.848825 -0.192144 -0.492521 0.450468 -0.224768 0.864036 0.276723 0.955280 0.104234
VERTEX_POSE A28 0.758217 -0.221715 0.932363 0.609300 -0.753492 0.246987 0.671448 0.324588 -0.666183 0.421794 0.571744 0.703703
VERTEX_POSE A29 -0.677288 -0.831990 -0.358312 0.658985 0.744945 0.103896 -0.055183 0.185643 -0.981067 -0.750129 0.640775 0.163444
VERTEX_POSE A30 -0.155634 -0.561274 0.473329 -0.272709 0.176264 0.945812 -0.950052 0.105729 -0.293636 0.151757 0.978648 -0.138627
VERTEX_POSE A31 0.986675 0.846143 -0.510960 -0.024450 0.609155 -0.792674 -0.781404 -0.506209 -0.364910 0.623546 -0.610477 -0.488374
VERTEX_POSE A32 -0.411530 -0.609590 0.418219 0.326036 0.891532 -0.314438 -0.876248 0.409831 0.253433 0.354810 0.192898 0.914823
VERTEX_POSE A33 0.157255 -0.391870 0.615624 -0.379504 -0.889609 0.254111 0.798268 -0.453694 -0.396143 0.467701 0.052511 0.882325
VERTEX_POSE A34 -0.226370 0.765839 0.272327 -0.718469 -0.676207 0.162932 0.602202 -0.721952 -0.340791 -0.348075 0.146730 -0.925913
VERTEX_POSE A35 -0.211859 0.104874 -0.848256 -0.358085 0.929323 0.090192 -0.861235 -0.291444 -0.416334 0.360623 0.226759 -0.904727
VERTEX_POSE A36 -0.843815 0.267277 0.656162 0.553936 0.718615 -0.420412 -0.794739 0.606872 -0.009818 -0.248081 -0.339557 -0.907280
VERTEX_POSE A37 -0.910855 0.151533 -0.255840 0.083733 0.020011 -0.996287 -0.182585 -0.982564 -0.035081 0.979618 -0.184845 0.078619
VERTEX_POSE A38 -0.347226 0.414924 0.837011 -0.783012 -0.435785 -0.443828 0.293075 -0.887854 0.354715 -0.548634 0.147671 0.822918
VERTEX_POSE A39 0.129078 -0.763396 -0.051605 0.617380 -0.770747 -0.157451 -0.366664 -0.459016 0.809235 0.695988 0.441874 0.565993
VERTEX_POSE A40 0.126322 -0.911692 -0.718104 0.012506 -0.358742 0.933353 -0.771288 -0.597506 -0.219321 -0.636363 0.717141 0.284166
VERTEX_POSE A41 0.327099 0.196770 0.954753 0.473665 -0.735094 0.485055 0.865549 0.490286 -0.102202 0.162688 -0.468248 -0.868491
VERTEX_POSE A42 0.623217 0.374001 0.882929 0.583862 0.802477 -0.123031 -0.318349 0.086897 -0.943982 0.746833 -0.590322 -0.306204
VERTEX_POSE A43 -0.013453 0.771139 -0.993765 0.152016 -0.680615 0.716697 0.565944 -0.534542 -0.627671 0.810307 0.501026 0.303932
VERTEX_POSE A44 -0.440837 0.656580 -0.430101 0.148184 -0.343507 -0.927386 0.789358 -0.523842 0.320161 0.595781 0.779482 -0.193525
VERTEX_POSE A45 0.896708 0.913615 0.501475 -0.548369 0.079096 0.832487 -0.524609 -0.807789 -0.268817 0.651212 -0.584141 0.484461
VERTEX_POSE A46 0.002007 0.905773 -0.637317 0.723885 -0.028971 0.689312 -0.277749 -0.926814 0.252727 0.631542 -0.374401 -0.678954
VERTEX_POSE A47 0.158895 -0.902270 0.296227 -0.781077 -0.309291 0.542456 -0.038538 -0.843181 -0.536246 -0.623245 0.439754 -0.646670
VERTEX_POSE A48 0.689293 0.264808 0.265325 -0.734823 0.049032 -0.676485 0.400634 0.836172 -0.374578 -0.547291 0.546271 0.634082
VERTEX_POSE A49 0.241470 -0.194999 0.538352 -0.289483 0.725530 -0.624344 0.955296 0.178056 -0.236018 0.060070 0.664757 0.744641
VERTEX_POSE A50 0.962415 0.957978 -0.687613 0.374301 -0.539887 0.753937 0.738156 0.665577 0.110147 0.561270 -0.515295 -0.647647
VERTEX_POSE A51 0.370404 0.857346 -0.022329 0.117607 0.572222 -0.811622 -0.891671 0.420617 0.167343 0.437139 0.704019 0.559702
VERTEX_POSE A52 -0.004102 -0.240158 0.283783 -0.522335 0.566264 -0.637582 -0.283365 0.589938 0.756094 0.804283 0.575602 -0.147686
VERTEX_POSE A53 -0.118643 0.426871 -0.547499 0.612986 0.782829 0.106895 0.505175 -0.284305 -0.814843 -0.607492 0.553488 -0.569740
VERTEX_POSE A54 -0.279514 0.778404 -0.372427 0.079178 -0.916915 0.391148 0.937083 0.202294 0.284522 -0.340009 0.344011 0.875243
VERTEX_POSE A55 -0.949843 -0.554822 -0.552941 -0.001228 0.247284 -0.968942 0.971831 -0.228060 -0.059435 -0.235674 -0.941721 -0.240039
VERTEX_POSE A56 0.430732 0.524184 0.931889 -0.220748 -0.445789 0.867492 0.970308 -0.190527 0.149003 -0.098857 -0.874626 -0.474612
VERTEX_POSE A57 0.681947 -0.119716 0.782492 -0.427270 0.738712 0.521291 0.619080 -0.181164 0.764146 -0.658923 -0.649218 0.379916
VERTEX_POSE A58 -0.869170 -0.327744 -0.356779 -0.724214 0.685634 0.073619 0.549695 0.509548 0.661964 -0.416353 -0.519871 0.745912
VERTEX_POSE A59 0.188949 -0.697531 0.864252 -0.264853 -0.145830 -0.953198 0.903174 -0.383827 -0.192232 -0.337830 -0.911817 0.233368
VERTEX_POSE A60 -0.995341 0.048294 -0.575819 0.255002 -0.663723 -0.703168 -0.329831 -0.743301 0.581993 0.908947 -0.083517 0.408460
VERTEX_POSE A61 -0.024804 0.110982 -0.883450 -0.532389 0.799548 -0.278001 -0.132010 -0.402814 -0.905712 -0.836143 -0.445493 0.320002
VERTEX_POSE A62 0.175624 -0.851388 -0.646709 -0.049814 0.762874 -0.644625 0.438051 0.596723 0.672334 0.897569 -0.248886 -0.363903
VERTEX_POSE A63 -0.406871 0.438705 0.842400 0.770483 -0.499614 0.395906 -0.581335 -0.805521 0.114825 -0.261543 0.318625 0.911084
VERTEX_POSE A64 -0.867550 0.719112 0.732173 -0.587050 0.533369 0.609007 0.437376 -0.424073 0.793010 0.681231 0.731901 0.015669
VERTEX_POSE A65 0.949254 0.914451 0.625619 0.551533 -0.208039 -0.807794 -0.799766 0.143300 -0.582958 -0.237035 -0.967566 0.087348
VERTEX_POSE A66 0.381270 -0.456421 0.994144 0.104004 0.833707 0.542324 0.468055 0.440097 -0.766316 0.877558 -0.333537 0.344449
VERTEX_POSE A67 -0.711364 -0.013610 0.388335 -0.029056 -0.923370 -0.382809 -0.865998 0.214514 -0.451698 -0.499202 -0.318388 0.805870
VERTEX_POSE A68 -0.961601 0.065984 -0.630222 0.780330 -0.556091 -0.286090 -0.584795 -0.486772 -0.648897 0.221586 0.673658 -0.705042
VERTEX_POSE A69 -0.965956 0.958503 0.831154 0.114580 0.504798 0.855599 0.829538 -0.522485 0.197173 0.546570 0.687160 -0.478615
VERTEX_POSE A70 0.417714 0.222993 -0.663269 -0.447211 -0.797432 0.405099 0.312220 0.285244 0.906176 -0.838165 0.531731 0.121410
VERTEX_POSE A71 0.164721 0.154291 -0.348326 0.566624 -0.709989 -0.418154 0.606126 0.702925 -0.372167 0.558165 -0.042576 0.828637
VERTEX_POSE A72 0.361142 0.155273 0.785907 -0.434754 0.667667 -0.604325 -0.836854 -0.051639 0.544985 -0.332662 -0.742667 -0.581190
VERTEX_POSE A73 0.040931 -0.403005 -0.780340 -0.530514 0.791844 0.302552 0.637927 0.607987 -0.472653 0.558215 0.057743 0.827685
VERTEX_POSE A74 -0.848732 -0.074570 -0.342091 -0.992208 0.030054 0.120916 -0.122723 -0.068154 -0.990098 -0.021515 -0.997222 0.071311
VERTEX_POSE A75 0.920305 -0.188147 -0.644194 -0.598286 0.498967 0.626966 -0.283660 0.599895 -0.748106 0.749394 0.625426 0.217372
VERTEX_POSE A76 -0.062360 -0.489390 0.721134 0.447365 0.872534 0.196336 0.856509 -0.481168 0.186734 -0.257402 -0.084625 0.962592
VERTEX_POSE A77 0.153275 -0.168798 0.020591 0.196435 -0.638143 -0.744437 -0.976287 -0.056845 -0.208885 0.090981 0.767817 -0.634177
VERTEX_POSE A78 0.079200 -0.090418 0.652033 0.088409 -0.994653 -0.053385 -0.463732 0.006333 -0.885953 -0.881553 -0.103083 0.460692
VERTEX_POSE A79 -0.373067 0.775417 -0.013541 0.787464 0.461000 -0.409120 0.082508 -0.736636 -0.671238 0.610813 -0.494820 0.618111
VERTEX_POSE A80 -0.605255 0.636203 -0.441056 -0.519736 -0.741764 -0.423865 -0.803494 0.255821 0.537544 0.290297 -0.619954 0.728962
VERTEX_POSE A81 0.041615 -0.132439 0.964420 -0.481245 -0.858456 -0.177361 -0.850987 0.506068 -0.140413 -0.210295 -0.083358 0.974078
VERTEX_POSE A82 0.997337 0.632763 0.964131 0.602118 -0.567013 0.562095 -0.794228 -0.353437 0.494251 0.081581 0.744029 0.663149
VERTEX_POSE A83 0.390643 -0.603955 0.842726 0.112905 0.551153 0.826730 0.991607 -0.115247 -0.058591 -0.062986 -0.826407 0.559539
VERTEX_POSE A84 0.922972 -0.705569 -0.583079 0.010370 -0.608544 0.793453 0.880508 -0.370514 -0.295676 0.473917 0.701708 0.531986
VERTEX_POSE A85 -0.282177 0.411167 -0.408296 -0.586084 -0.558150 -0.587345 -0.615320 -0.165015 0.770812 -0.527149 0.813166 -0.246729
VERTEX_POSE A86 0.440800 -0.158777 -0.710215 -0.658649 0.716430 -0.230019 -0.606136 -0.686308 -0.401971 -0.445848 -0.125335 0.886291
VERTEX_POSE A87 0.353704 0.818615 -0.651190 0.590206 -0.535092 0.604428 0.766599 0.136905 -0.627361 0.252947 0.833627 0.491004
VERTEX_POSE A88 -0.600229 -0.708548 -0.625804 0.781566 0.593034 0.193560 0.475641 -0.767265 0.430197 0.403633 -0.244162 -0.881740
VERTEX_POSE A89 0.571630 0.513479 -0.066993 -0.296526 -0.731149 -0.614405 -0.890952 0.443457 -0.097726 0.343914 0.518427 -0.782915
VERTEX_POSE A90 -0.457348 -0.878916 -0.786938 -0.096130 0.688934 0.718421 -0.062488 -0.724517 0.686419 -0.993405 -0.021093 -0.112698
VERTEX_POSE A91 -0.595570 0.339746 -0.201624 0.315757 0.654379 0.687085 0.796533 -0.576295 0.182808 0.515590 0.489563 -0.703203
VERTEX_POSE A92 -0.453175 -0.375538 0.049556 -0.947287 -0.248927 -0.201698 0.296282 -0.441073 -0.847155 0.121916 -0.862259 0.491576
VERTEX_POSE A93 0.718276 -0.730304 -0.433647 -0.610851 -0.276164 -0.742020 0.112186 -0.957930 0.264167 0.783757 -0.078123 -0.616135
VERTEX_POSE A94 -0.002441 -0.221549 -0.359224 -0.510312 0.365448 -0.778479 -0.378644 0.717278 0.584928 -0.772147 -0.593262 0.227661
VERTEX_POSE A95 -0.320724 -0.656426 -0.218270 -0.912763 0.294906 0.282655 -0.408443 -0.669281 -0.620674 0.006135 -0.681977 0.731348
VERTEX_POSE A96 0.667530 -0.815853 -0.808028 -0.603476 0.780470 -0.163351 -0.384227 -0.464132 -0.798092 0.698704 0.418865 -0.579970
VERTEX_POSE A97 -0.621171 0.322030 -0.365080 0.215276 0.844424 0.490515 0.035439 -0.508717 0.860204 0.975910 -0.167798 -0.139440
VERTEX_POSE A98 -0.032088 0.329964 -0.829935 0.822286 0.398327 -0.406424 0.546493 -0.353544 0.759178 -0.158713 0.846370 0.508397
VERTEX_POSE A99 0.705928 0.250130 -0.438250 -0.350844 0.571332 0.741949 0.683564 -0.385280 0.619918 -0.640038 -0.724664 0.255369
VERTEX_POSE A100 -0.587128 0.280533 -0.533926 0.733235 -0.508052 -0.451939 0.651738 0.714640 0.254023 0.193917 -0.480804 0.855116
VERTEX_POSE A101 -0.614374 -0.447043 -0.493204 0.545299 0.262286 -0.796150 0.709796 0.360771 0.605007 0.445912 -0.895014 0.010559
VERTEX_POSE A102 -0.129351 -0.595578 0.213424 -0.877257 0.454377 -0.154795 -0.401395 -0.517523 0.755680 0.263253 0.725059 0.636386
VERTEX_POSE A103 0.774015 -0.564195 -0.748018 -0.237991 -0.928241 0.285882 -0.506455 0.369756 0.778963 -0.828772 0.040600 -0.558112
VERTEX_POSE A104 0.426557 0.149952 -0.273545 -0.444615 0.590684 0.673358 0.894996 0.323231 0.307416 -0.036065 0.739334 -0.672372
VERTEX_POSE A105 0.021917 0.329851 0.871332 0.436322 0.880385 -0.185866 0.424847 -0.383662 -0.819944 -0.793176 0.278795 -0.541429
VERTEX_POSE A106 0.694320 0.247658 -0.392212 -0.103065 0.994664 0.004700 0.958796 0.098088 0.266626 0.264743 0.031986 -0.963789
VERTEX_POSE A107 -0.635803 0.660562 -0.552411 0.870626 -0.444040 -0.211750 -0.279135 -0.800333 0.530614 -0.405084 -0.402860 -0.820738
VERTEX_POSE A108 -0.824808 -0.838946 -0.108076 0.502703 0.795673 -0.337926 -0.661562 0.605725 0.442078 -0.556440 -0.001325 -0.830887
VERTEX_POSE A109 -0.226480 -0.842759 -0.740179 0.699460 0.518466 -0.491882 -0.529393 -0.086482 -0.843957 0.480102 -0.850714 -0.213981
VERTEX_POSE A110 -0.008870 0.435979 0.434049 0.524555 0.163811 -0.835469 0.850633 -0.141850 0.506263 0.035580 0.976240 0.213751
VERTEX_POSE A111 -0.430063 0.797257 0.450867 -0.694696 0.431291 -0.575660 -0.071884 -0.837923 -0.541033 -0.715702 -0.334473 0.613105
VERTEX_POSE A112 0.815135 0.024801 -0.775759 -0.276049 -0.525600 0.804700 0.560987 -0.767935 -0.309143 0.780443 0.366087 0.506842
VERTEX_POSE A113 -0.011533 0.068742 0.398179 0.846651 0.296511 -0.441886 0.454521 0.028923 0.890266 0.276754 -0.954591 -0.110283
VERTEX_POSE A114 0.960580 -0.806698 0.293594 0.319873 -0.814143 0.484615 -0.545184 -0.576488 -0.608635 0.774891 -0.069518 -0.628260
VERTEX_POSE A115 0.738107 0.319233 -0.358838 -0.268598 0.296618 0.916446 -0.505716 -0.853164 0.127917 -0.819821 0.429103 -0.379163
VERTEX_POSE A116 0.706290 -0.520091 0.989883 -0.751544 -0.594386 0.286159 -0.471858 0.787499 0.396479 0.461011 -0.162945 0.872306
VERTEX_POSE A117 0.401380 0.034525 0.583379 0.843512 -0.408934 0.348225 -0.529337 -0.523015 0.668025 0.091051 0.747815 0.657633
VERTEX_POSE A118 0.091811 0.137848 -0.010028 0.103819 0.616804 0.780240 -0.801201 -0.412957 0.433063 0.589321 -0.670090 0.451311
VERTEX_POSE A119 -0.893939 -0.228639 -0.635921 -0.050052 0.784749 0.617789 0.666843 0.486747 -0.564267 0.743515 -0.383726 0.547667
VERTEX_POSE A120 -0.026990 -0.451995 -0.483614 0.265237 -0.501505 0.823494 0.628691 0.737505 0.246645 -0.731025 0.452304 0.510906
VERTEX_POSE A121 0.634463 0.258932 0.203034 -0.841236 0.316151 0.438600 0.492171 0.111983 0.863266 0.223806 0.942077 -0.249804
VERTEX_POSE A122 -0.489509 -0.888893 0.162455 -0.797277 0.420593 -0.432956 0.048565 0.759645 0.648522 0.601657 0.496025 -0.626074
VERTEX_POSE A123 0.519835 0.172466 0.565942 -0.669460 -0.652940 0.354250 0.713069 -0.698514 0.060082 -0.208219 -0.292827 -0.933219
VERTEX_POSE A124 0.352739 0.528627 0.769388 -0.646205 -0.626957 0.435136 -0.089872 0.628724 0.772418 0.757853 -0.460034 0.462630
VERTEX_POSE A125 0.508050 -0.110442 0.803231 -0.460063 -0.693346 -0.554629 0.240264 -0.698574 0.673994 0.854760 -0.176822 -0.487974
VERTEX_POSE A126 -0.800889 0.516040 -0.652328 0.864069 0.306668 0.399174 -0.417395 -0.006754 0.908700 -0.281365 0.951793 -0.122166
VERTEX_POSE A127 0.020269 0.712774 0.961359 -0.560081 0.046210 0.827148 -0.376392 0.875247 -0.303761 -0.737996 -0.481463 -0.472817
VERTEX_POSE A128 0.886879 -0.788412 -0.561849 -0.444582 0.759310 0.475179 -0.376021 -0.639688 0.670378 -0.812992 -0.119361 -0.569910
VERTEX_POSE A129 0.167023 -0.153996 -0.482263 -0.039618 -0.398573 -0.916280 -0.998824 0.041449 0.025157 -0.027952 -0.916199 0.399747
VERTEX_POSE A130 -0.273803 -0.037096 -0.476891 -0.906391 0.411602 0.095074 0.281703 0.756631 -0.590045 -0.314800 -0.508028 -0.801753
VERTEX_POSE A131 -0.700249 0.492121 -0.095775 0.582346 -0.668012 0.463284 -0.794530 -0.347092 0.498247 -0.172033 -0.658245 -0.732883
VERTEX_POSE A132 0.552649 0.398961 0.024533 0.678964 -0.607702 0.411955 0.667494 0.744613 -0.001702 -0.305713 0.276133 0.911202
VERTEX_POSE A133 0.596846 0.367326 0.736533 0.849217 -0.414973 -0.326541 0.058772 0.688833 -0.722534 -0.524764 -0.594396 -0.609357
VERTEX_POSE A134 -0.926234 0.927926 0.156207 -0.364647 0.092344 -0.926556 -0.657979 0.678537 0.326574 -0.658860 -0.728738 0.186666
VERTEX_POSE A135 -0.020794 -0.451087 0.750988 -0.291513 0.940734 -0.173317 0.764584 0.338031 0.548768 0.574832 0.027457 -0.817811
VERTEX_POSE A136 -0.381236 -0.302823 0.607866 -0.607453 0.743504 -0.279648 0.763306 0.448878 -0.464621 0.219920 0.495692 0.840193
VERTEX_POSE A137 0.768085 0.175585 0.763995 -0.698618 0.212316 0.683267 0.575103 -0.401493 0.712783 0.425662 0.890913 0.158387
VERTEX_POSE A138 0.343403 -0.790525 -0.801423 -0.890078 0.119549 0.439851 0.451619 0.361828 0.815549 0.061652 -0.924548 0.376046
VERTEX_POSE A139 -0.206044 -0.141769 -0.500211 -0.145993 -0.587607 0.795867 0.676891 0.527358 0.513529 -0.721460 0.613686 0.320756
VERTEX_POSE A140 -0.458395 0.332825 -0.976184 0.691556 0.511385 0.510133 0.514974 -0.844290 0.148243 0.506510 0.160187 -0.847224
VERTEX_POSE A141 -0.665467 0.645453 0.632626 -0.113077 0.436680 0.892482 0.045678 -0.895009 0.443703 0.992536 0.090939 0.081258
VERTEX_POSE A142 0.363893 -0.344512 0.950657 -0.251579 -0.480454 0.840162 -0.733304 0.661165 0.158512 -0.631644 -0.576215 -0.518654
VERTEX_POSE A143 -0.643260 -0.642373 -0.751943 0.562894 -0.600271 -0.568177 0.511967 -0.286450 0.809837 0.648876 0.746740 -0.146078
VERTEX_POSE A144 0.323001 -0.285804 0.030805 -0.923493 0.381952 -0.035690 0.268193 0.576311 -0.771970 0.274287 0.722481 0.634656
VERTEX_POSE A145 0.324474 -0.151210 0.244250 -0.338604 0.811738 -0.475845 0.471830 0.584021 0.660527 -0.814079 0.000860 0.580754
VERTEX_POSE A146 -0.905153 0.676859 -0.110781 0.608616 -0.152686 0.778636 -0.656894 0.453465 0.602379 -0.445058 -0.878098 0.175687
VERTEX_POSE A147 0.029291 0.194105 0.020688 -0.672890 0.694770 -0.253996 0.015872 -0.329718 -0.943946 -0.739573 -0.639203 0.210836
VERTEX_POSE A148 -0.274146 0.883316 -0.172370 0.453496 0.195900 -0.869462 -0.655480 -0.587694 -0.474301 0.603894 -0.785009 0.138109
VERTEX_POSE A149 0.186658 -0.185293 0.879191 -0.575259 -0.365047 0.731996 -0.707119 0.671770 -0.220697 -0.411168 -0.644566 -0.644574
VERTEX_POSE A150 0.135352 0.965466 0.384766 -0.260654 -0.778118 -0.571483 -0.716883 0.552474 -0.425265 -0.646636 -0.298839 0.701824
VERTEX_POSE A151 0.698863 -0.568679 0.344015 0.466667 0.066261 0.881948 -0.203220 0.978542 0.034012 -0.860769 -0.195102 0.470119
VERTEX_POSE A152 -0.178879 -0.926361 0.082225 0.437697 0.021927 -0.898855 -0.743806 0.570486 -0.348280 -0.505147 -0.821015 -0.266010
VERTEX_POSE A153 0.645844 -0.923427 -0.452779 -0.018740 0.708329 -0.705634 0.913755 0.298604 0.275478 0.405834 -0.639614 -0.652835
VERTEX_POSE A154 0.218699 0.603787 -0.090043 0.454859 0.609349 -0.649459 0.210690 -0.782195 -0.586328 -0.865282 0.129862 -0.484173
VERTEX_POSE A155 -0.826139 0.602266 -0.148387 0.156954 -0.852706 -0.498256 0.398153 0.516326 -0.758210 0.903792 -0.079378 0.420547
VERTEX_POSE A156 0.153894 -0.033868 -0.649548 0.844787 0.530981 0.066289 0.387626 -0.692648 0.608264 0.368891 -0.488158 -0.790962
VERTEX_POSE A157 0.417810 0.119828 0.257630 0.319869 -0.853884 -0.410567 -0.213337 -0.487116 0.846879 -0.923131 -0.183301 -0.337979
VERTEX_POSE A158 0.194129 0.315040 -0.187028 0.038064 -0.572401 0.819090 -0.952843 -0.267749 -0.142830 -0.301067 0.775027 0.555600
VERTEX_POSE A159 0.040772 0.177720 -0.211397 -0.547351 0.523261 -0.653150 0.555172 0.811017 0.184490 0.626252 -0.261630 -0.734410
VERTEX_POSE A160 -0.415167 0.965832 0.775367 0.340023 0.523124 -0.781489 -0.873270 0.484012 -0.055963 -0.348974 -0.701480 -0.621404
VERTEX_POSE A161 0.920326 -0.722056 0.336081 0.560797 -0.172101 0.809869 -0.077833 -0.984784 -0.155376 -0.824287 -0.024101 0.565659
VERTEX_POSE A162 0.340523 -0.330159 0.692828 0.398905 -0.835778 0.377293 0.824247 0.146492 -0.546953 0.401860 0.529165 0.747324
VERTEX_POSE A163 -0.862519 0.364793 -0.200100 0.539810 0.775881 -0.326517 0.534870 -0.615660 -0.578686 -0.650015 0.137737 -0.747335
VERTEX_POSE A164 0.517173 0.645270 0.072615 -0.774722 -0.485724 -0.404818 -0.485578 0.867102 -0.111121 -0.404993 -0.110483 0.907620
VERTEX_POSE A165 0.414289 -0.402233 -0.150965 -0.546607 -0.316197 -0.775397 0.603813 0.492748 -0.626586 0.580200 -0.810691 -0.078415
VERTEX_POSE A166 0.116687 0.913705 -0.449113 -0.345711 0.584987 -0.733672 0.649565 -0.415056 -0.637020 0.677163 0.696792 0.236498
VERTEX_POSE A167 -0.864064 -0.657552 -0.319520 0.829525 0.060306 -0.555204 0.332494 -0.852087 0.404222 0.448705 0.519915 0.726879
VERTEX_POSE A168 0.182374 0.773352 -0.386970 -0.686685 -0.595795 -0.416524 -0.303141 0.755460 -0.580849 -0.660734 0.272595 0.699373
VERTEX_POSE A169 -0.539909 -0.876820 -0.250535 -0.811674 -0.158868 0.562092 0.165781 0.860074 0.482482 0.560092 -0.484802 0.671762
VERTEX_POSE A170 -0.070108 0.200679 0.180269 -0.185341 -0.966989 -0.174876 -0.665458 0.254452 -0.701727 0.723059 -0.013686 -0.690650
VERTEX_POSE A171 0.723980 0.106177 -0.363154 0.388817 -0.410107 -0.825005 0.768054 0.638844 0.044410 -0.508837 0.650915 -0.563378
VERTEX_POSE A172 -0.205376 0.768633 -0.617910 0.270577 0.749280 -0.604456 -0.519343 -0.415069 -0.746994 0.810599 -0.516040 -0.276826
VERTEX_POSE A173 -0.706214 0.856167 0.130926 -0.792382 -0.308610 0.526204 0.479886 -0.847893 0.225360 0.376616 0.431089 0.819953
VERTEX_POSE A174 -0.919280 0.463804 -0.115098 -0.012637 -0.332920 0.942870 0.783360 0.582734 0.216258 0.621440 -0.741340 -0.253433
VERTEX_POSE A175 -0.882375 -0.517171 0.412895 0.353027 0.257173 -0.899575 -0.915129 -0.105180 -0.389200 0.194708 -0.960624 -0.198215
VERTEX_POSE A176 0.618259 -0.295043 -0.624824 0.041569 -0.544486 -0.837739 0.083512 -0.833636 0.545964 0.995639 0.092657 -0.010818
VERTEX_POSE A177 -0.824432 0.140663 0.774121 0.681468 0.730440 0.045372 0.429668 -0.449507 0.783153 0.592441 -0.514199 -0.620172
VERTEX_POSE A178 0.146916 0.676934 -0.566417 -0.366214 0.534553 -0.761670 -0.426765 0.630889 0.647959 -0.826897 -0.562346 0.002911
VERTEX_POSE A179 -0.655887 -0.411727 0.202806 0.055226 -0.988664 0.139619 -0.628811 -0.143057 -0.764285 -0.775594 0.045586 0.629583
VERTEX_POSE A180 0.362226 0.955370 0.653312 -0.251489 -0.443900 0.860062 0.098260 0.872321 0.478959 -0.962859 0.204963 -0.175762
VERTEX_POSE A181 -0.717732 0.642400 0.818349 0.253518 -0.911648 0.323459 -0.821457 -0.026317 0.569663 -0.510820 -0.410127 -0.755552
VERTEX_POSE A182 -0.957024 0.019594 -0.453179 0.687941 0.502533 0.523639 0.204563 0.557985 -0.804243 0.696341 -0.660389 -0.281061
VERTEX_POSE A183 -0.816653 -0.970991 -0.264463 -0.530509 0.824724 0.195937 0.664366 0.548084 -0.508156 -0.526478 -0.139407 -0.838682
VERTEX_POSE A184 0.928111 0.718973 -0.634429 0.913192 0.286692 -0.289634 -0.187314 -0.335909 -0.923081 -0.361931 0.897203 -0.253048
VERTEX_POSE A185 0.261675 -0.376619 0.456779 0.229001 0.584008 -0.778777 -0.967024 0.228094 -0.113307 -0.111462 -0.779043 -0.616983
VERTEX_POSE A186 -0.642792 0.631275 0.587150 -0.097108 0.306906 -0.946773 0.274152 0.922716 0.270989 0.956771 -0.233245 -0.173742
VERTEX_POSE A187 0.082005 -0.314895 -0.283977 0.167781 -0.519060 -0.838109 0.810985 0.556034 -0.182013 -0.560493 0.649155 -0.514242
VERTEX_POSE A188 -0.320515 0.743209 -0.285592 0.597167 0.098303 0.796071 0.787038 -0.263341 -0.557873 -0.154797 -0.959681 0.234626
VERTEX_POSE A189 0.551337 -0.053685 -0.599878 0.655359 0.299184 0.693537 0.146342 0.850511 -0.505188 0.741005 -0.432573 -0.513607
VERTEX_POSE A190 -0.877223 0.862826 0.504627 -0.118145 -0.734979 -0.667718 0.910137 0.188758 -0.368810 0.397105 -0.651288 0.646631
VERTEX_POSE A191 0.264317 0.709041 -0.510225 -0.057386 -0.985423 0.160148 0.221160 0.143879 0.964566 0.973548 -0.090771 -0.209680
VERTEX_POSE A192 0.471663 0.224259 0.736203 -0.456467 -0.505242 -0.732372 -0.864493 0.446546 0.230755 -0.210451 -0.738463 0.640612
VERTEX_POSE A193 0.463301 -0.467333 0.197455 0.345197 -0.745893 -0.569634 -0.918678 -0.392717 -0.042484 0.192016 -0.537975 0.820800
VERTEX_POSE A194 0.401799 0.073833 0.289675 0.464999 -0.682212 -0.564237 -0.220986 -0.706600 0.672222 0.857287 0.187894 0.479327
VERTEX_POSE A195 -0.011164 -0.130470 -0.191182 0.789376 0.438669 -0.429484 -0.015233 -0.685376 -0.728030 -0.613722 0.581232 -0.534337
VERTEX_POSE A196 -0.122410 0.130434 -0.953510 0.970567 -0.023915 -0.239642 -0.210274 0.400955 -0.891639 0.117409 0.915786 0.384125
VERTEX_POSE A197 -0.481514 -0.012461 0.840562 -0.885858 -0.355130 -0.298560 -0.222296 -0.239951 0.944991 0.407235 -0.903497 -0.133619
VERTEX_POSE A198 0.124772 0.211978 0.489298 -0.390691 -0.901767 0.184870 0.528424 -0.384151 -0.757097 -0.753743 0.198102 -0.626600
VERTEX_POSE A199 -0.940036 -0.096214 -0.340479 -0.025604 -0.993416 0.111669 0.418221 0.090815 0.903794 -0.907984 0.069843 0.413142
VERTEX_POSE A200 -0.021423 0.110719 -0.409973 -0.972932 0.044695 -0.226730 0.179888 0.762366 -0.621641 -0.145067 0.645600 0.749770
VERTEX_POSE A201 -0.945335 -0.587344 -0.330432 -0.028382 -0.905442 -0.423521 0.017973 0.423161 -0.905876 0.999436 -0.033323 0.004263
VERTEX_POSE A202 0.783944 -0.990037 0.296366 0.397576 -0.491512 0.774822 0.491301 0.827215 0.272652 -0.774956 0.272271 0.570361
VERTEX_POSE A203 0.773201 -0.120648 -0.027883 -0.675361 -0.687078 0.267975 0.447676 -0.670698 -0.591397 0.586067 -0.279440 0.760552
VERTEX_POSE A204 -0.651550 -0.731177 0.800494 -0.750511 -0.063668 0.657783 -0.650127 0.249771 -0.717600 -0.118607 -0.966209 -0.228849
VERTEX_POSE A205 0.864664 0.473767 -0.818731 -0.034811 -0.518922 0.854112 0.997135 -0.075462 -0.005207 -0.067155 -0.851484 -0.520062
VERTEX_POSE A206 0.890825 0.362181 -0.614988 0.662874 -0.618355 0.422178 0.119811 -0.468990 -0.875039 0.739083 0.630622 -0.236796
VERTEX_POSE A207 0.966710 -0.026220 -0.824330 -0.542930 -0.480900 -0.688449 -0.334649 -0.627998 0.702587 -0.770219 0.611844 0.180026
VERTEX_POSE A208 -0.959768 -0.385570 0.955390 0.778629 -0.138058 -0.612109 -0.318463 0.753579 -0.575065 0.540665 0.642696 0.542792
VERTEX_POSE A209 0.037741 0.039115 -0.181405 -0.985715 -0.065979 0.154959 0.063844 0.705019 0.706309 -0.155851 0.706113 -0.690735
VERTEX_POSE A210 -0.689177 0.562053 0.378476 0.382435 0.101999 -0.918335 -0.367167 -0.895272 -0.252341 0.847899 -0.433686 0.304933
VERTEX_POSE A211 0.402457 -0.430200 0.608702 0.534096 -0.420971 -0.733160 -0.832455 -0.413183 -0.369187 0.147512 -0.807504 0.571119
VERTEX_POSE A212 0.320009 -0.318485 -0.363055 0.002700 0.777087 -0.629387 -0.733402 -0.426315 -0.529506 0.679790 -0.463023 -0.568767
VERTEX_POSE A213 -0.646201 -0.418353 0.925297 -0.439116 -0.677478 0.590085 0.636110 0.229377 0.736716 -0.634461 0.698863 0.330228
VERTEX_POSE A214 0.585805 -0.401191 -0.655761 0.636459 -0.605600 -0.477670 -0.769338 -0.542707 -0.337030 0.055130 -0.581995 0.811321
VERTEX_POSE A215 0.248120 -0.599512 0.002515 0.481741 0.510281 -0.712418 -0.589337 0.790318 0.167565 0.648542 0.339131 0.681457
VERTEX_POSE A216 0.615474 0.205028 0.382076 -0.566033 -0.737162 0.369052 0.822544 -0.475136 0.312517 -0.055026 0.480457 0.875291
VERTEX_POSE A217 0.943012 -0.769916 0.931389 -0.280908 0.167859 -0.944941 0.764153 0.634809 -0.114397 0.580655 -0.754215 -0.306593
VERTEX_POSE A218 -0.669875 0.085594 0.718539 0.675952 -0.655707 -0.336359 -0.212652 -0.610558 0.762888 -0.705598 -0.444148 -0.552145
VERTEX_POSE A219 -0.705041 -0.051763 -0.903516 -0.585833 -0.443541 -0.678286 -0.088975 0.867084 -0.490151 0.805533 -0.226796 -0.547430
VERTEX_POSE A220 0.494349 0.176399 -0.668489 0.406603 0.600842 0.688232 -0.086930 -0.724453 0.683821 0.909460 -0.337872 -0.242334
VERTEX_POSE A221 -0.547098 -0.051581 0.223165 -0.122924 0.295304 0.947462 -0.990651 -0.093428 -0.099408 -0.059164 0.950824 -0.304028
VERTEX_POSE A222 0.559277 -0.342722 -0.413741 -0.711798 -0.431904 0.553898 -0.382312 -0.423305 -0.821371 -0.589221 0.796412 -0.136185
VERTEX_POSE A223 -0.033987 -0.599341 -0.932286 0.316191 -0.395403 0.862369 0.761527 -0.436318 -0.479273 -0.565773 -0.808259 -0.163151
VERTEX_POSE A224 0.916203 0.481086 -0.579380 0.632907 -0.515676 0.577501 -0.226494 -0.836595 -0.498808 -0.740358 -0.184898 0.646284
VERTEX_POSE A225 -0.038925 0.731111 0.875934 -0.682322 -0.725520 -0.089770 0.460140 -0.330798 -0.823920 0.568075 -0.603485 0.559551
VERTEX_POSE A226 0.954849 0.270189 -0.123468 -0.313400 -0.488727 0.814203 0.235725 -0.870600 -0.431845 0.919899 0.056588 0.388051
VERTEX_POSE A227 -0.206207 -0.388480 -0.532889 -0.634286 -0.152627 -0.757883 0.753679 0.096265 -0.650154 0.172189 -0.983584 0.053972
VERTEX_POSE A228 0.479561 -0.281351 0.716496 -0.695636 -0.704493 0.140643 0.293598 -0.457473 -0.839356 0.655661 -0.542594 0.525072
VERTEX_POSE A229 0.079621 -0.517834 -0.634169 0.557285 -0.398566 0.728408 -0.739695 0.160222 0.653590 -0.377206 -0.903036 -0.205528
VERTEX_POSE A230 -0.146243 0.515306 0.126631 -0.943737 -0.329333 -0.030012 0.127855 -0.447062 0.885318 -0.304982 0.831670 0.464016
VERTEX_POSE A231 -0.541862 0.829368 -0.693477 0.546077 0.835412 -0.062345 0.172249 -0.039139 0.984276 -0.819835 0.548229 0.165272
VERTEX_POSE A232 0.134286 -0.105178 0.035398 0.832734 0.547307 0.083720 0.072534 0.042067 -0.996478 -0.548902 0.835874 -0.004668
VERTEX_POSE A233 -0.362299 0.525269 -0.577002 0.057464 -0.580933 0.811921 0.424208 -0.721988 -0.546609 -0.903740 -0.375834 -0.204947
VERTEX_POSE A234 -0.768661 -0.291280 0.278640 -0.753007 0.411901 -0.513145 0.572180 0.794989 -0.201499 0.324947 -0.445342 -0.834314
VERTEX_POSE A235 0.482736 0.163645 -0.164108 -0.651676 0.230730 -0.722552 -0.752003 -0.072149 0.655199 -0.099043 -0.970339 -0.220528
VERTEX_POSE A236 -0.497635 -0.000964 -0.395733 0.082321 0.772533 -0.629616 0.279330 0.588552 0.758670 -0.956660 0.238325 0.167342
VERTEX_POSE A237 -0.877836 -0.929099 0.663652 -0.043498 -0.745777 0.664774 0.769586 0.399292 0.498301 0.637060 -0.533276 -0.556571
VERTEX_POSE A238 0.449446 -0.862575 0.011562 0.421617 -0.248118 -0.872168 0.682736 -0.546124 0.485407 -0.596750 -0.800116 -0.060856
VERTEX_POSE A239 -0.457403 0.613466 -0.440343 0.338559 -0.896389 -0.286121 -0.861698 -0.417507 0.288383 -0.377961 0.148915 -0.913767
VERTEX_POSE A240 0.159905 0.110015 -0.517753 0.209431 -0.831319 0.514828 0.779431 0.459849 0.425471 0.590445 -0.312166 -0.744262
VERTEX_POSE A241 0.760268 0.699479 -0.609963 0.184599 0.978716 -0.089658 -0.362851 -0.016912 -0.931694 -0.913379 0.204523 0.352006
VERTEX_POSE A242 0.945054 -0.816733 -0.831642 -0.979279 -0.030177 0.200255 -0.072775 0.975221 -0.208922 0.188988 0.219166 0.957209
VERTEX_POSE A243 -0.520086 0.791530 0.119192 -0.443489 0.691703 0.569968 -0.254009 0.512855 -0.820036 -0.859533 -0.508454 -0.051747
VERTEX_POSE A244 -0.885932 -0.718874 -0.684665 -0.467314 -0.883090 0.042056 -0.495772 0.301146 0.814568 0.732002 -0.359809 0.578541
VERTEX_POSE A245 0.530859 -0.217924 -0.487403 0.320164 -0.317213 0.892676 0.913834 -0.145055 -0.379298 0.249806 0.937195 0.243439
VERTEX_POSE A246 0.728034 -0.807982 -0.878293 0.017548 0.625393 0.780112 0.678538 0.565608 -0.468694 -0.734356 0.537561 -0.414427
VERTEX_POSE A247 0.729542 0.486154 0.697410 0.559231 0.783818 0.269982 -0.029341 0.344176 -0.938446 -0.828493 0.516887 0.215472
VERTEX_POSE A248 0.473871 0.012160 -0.556014 0.549966 -0.295400 0.781202 -0.762028 -0.560314 0.324593 -0.341834 0.773813 0.533257
VERTEX_POSE A249 -0.941841 0.277612 0.840246 -0.670447 -0.262315 -0.694040 0.738126 -0.140871 -0.659792 0.075303 -0.954644 0.288068
VERTEX_POSE A250 -0.975499 -0.565609 0.793894 0.862605 0.143439 -0.485116 0.470575 -0.579474 0.665409 0.185666 0.802269 0.567356
VERTEX_POSE A251 -0.031779 -0.811440 -0.224503 -0.760143 -0.212395 -0.614062 -0.359887 0.924485 0.125736 0.540985 0.316570 -0.779178
VERTEX_POSE A252 -0.488939 -0.773968 0.063412 -0.645727 -0.148442 0.749000 -0.012532 -0.978729 -0.204775 0.763465 -0.141615 0.630132
VERTEX_POSE A253 0.583778 0.091668 -0.619846 0.544449 -0.691617 0.474596 -0.763414 -0.174151 0.621990 0.347527 0.700955 0.622806
VERTEX_POSE A254 0.934233 -0.410782 -0.156788 0.334384 -0.002672 0.942433 -0.323784 -0.939453 0.112218 0.885071 -0.342669 -0.315003
VERTEX_POSE A255 -0.572735 0.707118 0.484032 -0.485485 0.591829 -0.643462 -0.601116 -0.760405 -0.245853 0.634794 -0.267437 -0.724923
VERTEX_POSE A256 -0.455147 -0.177221 -0.743912 0.113016 0.096416 0.988904 0.093324 0.989851 -0.107173 -0.989201 0.104400 0.102871
VERTEX_POSE A257 0.889082 0.859407 0.719744 0.299338 -0.550877 0.779058 0.952372 0.122715 -0.279158 0.058179 0.825516 0.561373
VERTEX_POSE A258 0.221058 -0.681362 0.951143 0.664824 0.125592 -0.736367 -0.580644 0.707057 -0.403638 0.469959 0.695915 0.542992
VERTEX_POSE A259 -0.975586 0.541428 0.972584 0.914929 0.315265 -0.252016 0.354011 -0.326928 0.876239 0.193857 -0.890913 -0.410724
VERTEX_POSE A260 -0.031297 -0.658427 -0.914425 0.374129 0.669335 -0.641887 -0.072811 -0.668816 -0.739854 -0.924514 0.323537 -0.201488
VERTEX_POSE A261 -0.925185 0.833945 0.077774 -0.380127 -0.924453 -0.029837 0.245258 -0.069639 -0.966953 0.891825 -0.374883 0.253201
VERTEX_POSE A262 -0.517448 0.370796 -0.720894 0.343545 0.143699 -0.928077 -0.719596 0.675276 -0.161815 -0.603456 -0.723431 -0.335393
VERTEX_POSE A263 -0.897011 0.236395 0.120973 -0.651006 -0.003905 -0.759063 -0.341484 -0.891576 0.297459 -0.677924 0.452855 0.579087
VERTEX_POSE A264 -0.287484 0.359214 0.500772 -0.519642 -0.791878 0.320783 -0.446240 -0.068625 -0.892278 0.728589 -0.606811 -0.317707
VERTEX_POSE A265 -0.286109 -0.920484 0.557746 -0.825337 -0.389598 -0.408695 0.505769 -0.188307 -0.841866 0.251029 -0.901529 0.352463
VERTEX_POSE A266 0.585725 -0.599960 0.956865 -0.133019 -0.663058 0.736655 -0.668316 -0.488853 -0.560692 0.731888 -0.566901 -0.378105
VERTEX_POSE A267 0.214881 -0.641750 -0.894962 -0.849745 -0.212279 -0.482567 -0.017355 -0.903590 0.428046 -0.526908 0.372105 0.764137
VERTEX_POSE A268 -0.163945 -0.849584 0.221398 -0.327940 -0.294034 0.897775 -0.049568 -0.943664 -0.327170 -0.943397 0.151793 -0.294890
VERTEX_POSE A269 0.035171 -0.462534 -0.031574 0.343459 -0.104252 -0.933364 0.752434 0.625282 0.207040 0.562031 -0.773404 0.293201
VERTEX_POSE A270 0.757478 0.971716 -0.335305 0.113261 -0.911678 -0.394987 0.311324 0.410090 -0.857265 0.943530 -0.025875 0.330274
VERTEX_POSE A271 0.995960 0.260432 0.703646 0.644967 -0.390727 -0.656772 -0.557904 -0.828065 -0.055243 0.522265 -0.402046 0.752063
VERTEX_POSE A272 -0.204561 -0.763056 0.358464 -0.467191 0.820993 0.328182 -0.883162 -0.415729 -0.217243 -0.041920 -0.391332 0.919294
VERTEX_POSE A273 0.702533 -0.845017 -0.166946 0.047082 -0.955462 -0.291336 -0.771819 -0.219943 0.596591 -0.634097 0.196769 -0.747799
VERTEX_POSE A274 -0.524127 0.051962 -0.177163 0.184808 -0.940052 0.286615 -0.730296 -0.326521 -0.600044 -0.657658 0.098421 0.746860
VERTEX_POSE A275 -0.090493 -0.481930 0.673798 -0.482473 -0.415185 -0.771260 -0.872788 0.153592 0.463304 -0.073898 0.896678 -0.436473
VERTEX_POSE A276 0.233391 -0.062941 0.345651 0.934689 0.233532 -0.267993 -0.170801 -0.366127 -0.914756 -0.311744 0.900785 -0.302327
VERTEX_POSE A277 -0.796093 0.243980 -0.055455 0.762922 0.271524 0.586706 0.341062 0.601916 -0.722062 0.549205 -0.750981 -0.366609
VERTEX_POSE A278 -0.360952 -0.995776 0.371208 -0.792069 0.365661 -0.488793 0.442770 -0.207070 -0.872397 -0.420215 -0.907422 0.002110
VERTEX_POSE A279 -0.292737 0.949219 0.789637 0.714941 -0.518753 -0.468780 0.545383 -0.005783 0.838167 -0.437513 -0.854905 0.278784
VERTEX_POSE A280 -0.737934 -0.478408 -0.215209 -0.102228 -0.190823 0.976287 0.743805 -0.666343 -0.052357 0.660532 0.720815 0.210054
VERTEX_POSE A281 -0.336451 -0.561385 0.165103 -0.013951 0.886903 -0.461745 0.893787 0.218090 0.391894 -0.448274 0.407234 0.795745
VERTEX_POSE A282 0.675484 -0.862221 -0.434865 -0.062505 -0.760447 -0.646385 -0.710964 -0.420607 0.563578 -0.700445 0.494783 -0.514360
VERTEX_POSE A283 -0.226873 -0.252376 0.848203 -0.072944 0.937889 0.339181 0.582531 0.316112 -0.748820 0.809529 -0.142961 0.569408
VERTEX_POSE A284 -0.752673 0.530283 0.545256 0.949723 -0.113968 -0.291613 -0.111127 -0.993457 0.026344 -0.292707 0.007387 -0.956174
VERTEX_POSE A285 0.609717 -0.273003 0.408347 0.433492 0.625020 0.649180 0.348565 -0.780607 0.518801 0.831016 0.001385 -0.556247
VERTEX_POSE A286 0.200392 -0.545259 0.332235 0.807364 -0.514625 -0.288660 0.128481 0.630797 -0.765237 0.575896 0.580738 0.575402
VERTEX_POSE A287 -0.207820 -0.646938 0.801344 0.887992 -0.457656 -0.044963 0.310581 0.668966 -0.675296 0.339132 0.585692 0.736175
VERTEX_POSE A288 0.498799 -0.413596 0.128091 0.737865 -0.641827 -0.208840 -0.646998 -0.584477 -0.489674 -0.192224 -0.496432 0.846525
VERTEX_POSE A289 -0.578550 -0.226620 0.283377 0.549596 -0.809258 -0.207472 -0.384568 -0.465532 0.797112 0.741654 0.358303 0.567070
VERTEX_POSE A290 -0.183406 0.894490 0.773928 -0.774883 -0.295137 0.558972 0.466966 -0.863285 0.191524 0.426026 0.409430 0.806764
VERTEX_POSE A291 -0.532497 -0.072023 0.213666 -0.525250 0.035159 0.850221 -0.294475 -0.944923 -0.142845 0.798372 -0.325398 0.506674
VERTEX_POSE A292 -0.503736 -0.392676 -0.638848 -0.066232 -0.801805 -0.593904 0.647706 -0.487311 0.585666 0.759006 0.345886 -0.551610
VERTEX_POSE A293 0.299146 0.265286 -0.946966 -0.328416 0.516478 0.790818 -0.505049 -0.803537 0.315045 0.798166 -0.295936 0.524741
VERTEX_POSE A294 -0.429509 -0.835628 -0.665362 0.583852 0.128923 -0.801558 0.207803 0.930690 0.301055 -0.784815 0.342338 -0.516595
VERTEX_POSE A295 0.208780 0.966538 0.861923 0.058882 -0.879970 0.471367 -0.024769 0.470753 0.881917 -0.997958 -0.063604 0.005923
VERTEX_POSE A296 -0.986963 0.344801 0.610780 -0.579466 0.470690 -0.665334 -0.703927 -0.700483 0.117522 -0.410739 0.536447 0.737237
VERTEX_POSE A297 -0.843784 -0.435587 -0.708497 0.663789 0.357751 -0.656810 -0.618453 -0.231302 -0.751009 -0.420596 0.904717 0.067716
VERTEX_POSE A298 -0.576338 -0.675212 0.966962 -0.371429 -0.786568 -0.493307 -0.391174 -0.349286 0.851459 0.842035 -0.509225 0.177950
VERTEX_POSE A299 -0.150909 0.495217 -0.167822 -0.371313 -0.858453 -0.353815 -0.200387 0.446167 -0.872227 0.906627 -0.252969 -0.337691
VERTEX_POSE A300 0.191387 0.101878 0.259929 -0.555550 0.177364 0.812346 -0.661151 0.498231 -0.560932 0.504225 0.848709 0.159528
VERTEX_POSE A301 -0.818860 -0.703495 -0.368343 -0.401515 -0.532074 -0.745441 -0.669325 0.726039 -0.157709 0.625132 0.435619 -0.647646
VERTEX_POSE A302 -0.154949 -0.244351 -0.464176 -0.962478 0.095827 -0.253878 -0.106932 -0.993805 0.030276 -0.249404 0.056287 0.966762
VERTEX_POSE A303 0.986826 0.338823 -0.381607 -0.944980 0.019008 0.326577 0.311412 0.357997 0.880262 -0.100181 0.933529 -0.344219
VERTEX_POSE A304 0.883673 -0.548512 0.464711 -0.543729 -0.702293 -0.459503 -0.666213 0.028200 0.745228 0.510411 -0.711329 0.483210
VERTEX_POSE A305 0.320925 0.807610 0.358661 -0.237538 0.206416 -0.949193 0.684142 -0.658139 -0.314330 -0.689583 -0.724048 0.015116
