VERTEX_POSE A0 0.602366 -0.720475 0.154696 0.684961 -0.306344 0.661045 0.704157 0.045405 -0.708591 0.187058 0.950837 0.246815
VERTEX_POSE A1 0.508186 -0.835150 0.824571 -0.048092 0.994748 -0.090353 -0.771846 0.020405 0.635483 -0.633989 -0.100300 -0.766810
VERTEX_POSE A2 -0.251974 -0.577371 -0.357155 0.558306 0.743490 -0.368127 0.233418 -0.566566 -0.790265 0.796122 -0.355282 0.489861
VERTEX_POSE A3 -0.335243 0.137171 -0.727605 -0.745379 -0.602097 -0.286164 -0.663709 0.710467 0.233939 0.062456 0.364303 -0.929184
VERTEX_POSE A4 -0.826668 0.758908 -0.140112 0.730993 0.616787 0.291931 0.629288 -0.443859 -0.637955 0.263906 -0.650049 0.712594
VERTEX_POSE A5 0.722603 -0.368473 0.968151 -0.585453 -0.796239 -0.152475 -0.472430 0.487920 -0.733991 -0.658828 0.357683 0.661822
VERTEX_POSE A6 0.213281 -0.804646 0.808758 -0.028352 0.908094 -0.417806 0.786947 -0.237453 -0.569501 -0.616369 -0.344938 -0.707889
VERTEX_POSE A7 0.499101 -0.916175 -0.345188 -0.101120 0.539614 0.835818 -0.451040 0.723959 -0.521964 0.886757 0.429768 -0.170181
VERTEX_POSE A8 -0.837453 -0.691059 -0.436538 0.733370 0.551234 0.397882 -0.240964 0.758039 -0.606063 -0.635692 0.348593 0.688751
VERTEX_POSE A9 0.181835 0.678188 -0.013890 -0.502338 -0.408366 -0.762164 0.439015 -0.879840 0.182065 0.744931 0.243143 -0.621256
VERTEX_POSE A10 0.041941 -0.557690 0.029827 0.762691 -0.544337 0.349285 -0.066840 0.470822 0.879693 -0.643300 -0.694280 0.322708
VERTEX_POSE A11 -0.702018 0.405052 0.703505 0.669765 -0.013252 -0.742455 -0.326432 -0.903307 -0.278349 0.666977 -0.428789 0.609329
VERTEX_POSE A12 -0.860119 0.072321 0.100927 0.158145 -0.772815 -0.614612 -0.969281 -0.240246 0.052682 0.188371 -0.587400 0.787069
VERTEX_POSE A13 0.160659 0.789902 0.993781 -0.973433 -0.228428 0.015775 -0.172650 0.686990 -0.705859 -0.150401 0.689830 0.708176
VERTEX_POSE A14 0.257481 0.134856 0.928898 0.430729 -0.763425 -0.481305 0.901656 0.386835 0.193328 0.038595 -0.517244 0.854967
VERTEX_POSE A15 -0.270357 0.301564 -0.168500 -0.572881 0.224531 -0.788285 -0.671791 -0.679620 0.294641 -0.469578 0.698357 0.540180
VERTEX_POSE A16 0.906162 0.300597 0.726501 -0.107053 -0.791331 -0.601943 -0.194152 -0.577129 0.793238 -0.975113 0.201787 -0.091855
VERTEX_POSE A17 0.476119 0.465939 -0.743845 -0.317866 -0.690246 -0.650017 -0.453000 -0.491701 0.743654 -0.832918 0.530840 -0.156387
VERTEX_POSE A18 0.230698 0.672232 -0.376513 0.536656 -0.586843 0.606313 0.843141 0.344516 -0.412822 0.033377 0.732751 0.679678
VERTEX_POSE A19 0.428137 -0.842441 0.997910 0.396084 0.056198 -0.916493 -0.632703 -0.706644 -0.316768 -0.665436 0.705334 -0.244334
VERTEX_POSE A20 0.583552 -0.607464 0.109929 0.951595 0.148215 -0.269255 -0.172646 -0.467012 -0.867233 -0.254282 0.871741 -0.418818
VERTEX_POSE A21 0.086142 0.514052 0.277911 -0.191885 0.948133 0.253426 0.770032 0.305544 -0.560083 -0.608466 0.087674 -0.788722
VERTEX_POSE A22 0.982529 -0.923893 -0.923074 0.355869 0.811034 0.464307 -0.241228 0.559714 -0.792798 0.902866 -0.170128 -0.394829
VERTEX_POSE A23 -0.339007 -0.974311 0.701057 0.935679 0.155153 -0.316910 0.144382 0.651157 0.745083 -0.321960 0.742914 -0.586873
VERTEX_POSE A24 0.979444 -0.317940 -0.681113 -0.785873 -0.538495 -0.304018 -0.553030 0.831993 -0.044118 -0.276697 -0.133460 0.951644
VERTEX_POSE A25 -0.515610 -0.669432 0.702150 -0.061229 0.218595 -0.973893 0.664756 0.736768 0.123577 -0.744547 0.639835 0.190424
VERTEX_POSE A26 -0.307719 -0.918122 -0.056682 0.672555 -0.518097 -0.528438 0.350427 -0.405976 0.844028 0.651821 0.752834 0.091486
VERTEX_POSE A27 -0.373029 -0.967928 -0.812962 -0.912801 -0.370557 -0.171703 -0.371129 0.577137 0.727445 -0.170463 0.727736 -0.664336
VERTEX_POSE A28 0.020658 -0.476458 -0.979824 -0.409956 -0.856536 0.313501 -0.911954 0.378661 -0.157973 0.016599 -0.350660 -0.936356
VERTEX_POSE A29 -0.732322 0.243947 -0.556635 -0.732234 -0.314057 -0.604319 -0.313907 0.943088 -0.109761 -0.604397 -0.109329 0.789146
VERTEX_POSE A30 0.419079 0.230191 -0.205392 0.251064 -0.743603 -0.619694 0.571132 -0.403086 0.715073 0.781521 0.533456 -0.323495
VERTEX_POSE A31 -0.376975 -0.196934 0.174872 0.399942 0.304123 -0.864613 -0.876580 -0.148589 -0.457743 0.267682 -0.940973 -0.207161
VERTEX_POSE A32 0.775864 0.408797 -0.732065 -0.633428 -0.386241 -0.670512 -0.736218 0.034048 0.675887 -0.238226 0.921769 -0.305924
VERTEX_POSE A33 -0.832896 0.652820 0.437453 -0.474389 0.607895 0.636724 -0.287624 -0.790628 0.540537 -0.832002 -0.073288 -0.549910
VERTEX_POSE A34 0.287782 0.940237 0.447266 -0.217235 0.540824 -0.812599 -0.952202 -0.300566 0.054514 -0.214757 0.785601 0.580268
VERTEX_POSE A35 0.949196 0.167705 0.127823 -0.647520 -0.273368 0.711329 0.674579 -0.639838 0.368172 -0.354489 -0.718246 -0.598716
VERTEX_POSE A36 0.889707 -0.715653 0.405604 -0.761413 -0.194019 -0.618552 -0.536306 0.724548 0.432904 0.364179 0.661352 -0.655734
VERTEX_POSE A37 -0.498937 -0.864409 0.256024 -0.741297 -0.118756 -0.660588 -0.430952 0.838756 0.332820 -0.514547 -0.531400 0.672945
VERTEX_POSE A38 0.448297 0.251530 0.782635 -0.017588 0.370582 0.928633 -0.609107 -0.740506 0.283972 -0.792893 0.560642 -0.238748
VERTEX_POSE A39 -0.947746 -0.406712 0.969066 -0.452752 -0.473975 -0.755224 0.891513 -0.254749 -0.374577 -0.014853 -0.842883 0.537893
VERTEX_POSE A40 0.682898 0.813779 -0.757866 -0.362946 -0.057976 -0.930005 -0.837894 0.456973 0.298511 -0.407680 -0.887589 0.214435
VERTEX_POSE A41 -0.509762 0.693840 -0.187538 0.111311 0.942436 0.315315 0.584048 0.194673 -0.788030 0.804051 -0.271875 0.528759
VERTEX_POSE A42 -0.649764 0.998341 0.672571 0.651615 -0.624362 0.430777 -0.321690 -0.741755 -0.588485 -0.686959 -0.244889 0.684190
VERTEX_POSE A43 0.822779 -0.113900 0.343061 0.587779 -0.704091 0.398462 -0.796486 -0.417249 0.437622 -0.141868 -0.574594 -0.806049
VERTEX_POSE A44 0.650897 0.483742 -0.193758 0.646898 -0.758872 0.075074 0.755075 0.651198 0.076183 -0.106701 0.007404 0.994264
VERTEX_POSE A45 0.607716 0.133196 0.601470 0.797673 -0.596822 0.086731 -0.063542 -0.226180 -0.972011 -0.599734 -0.769835 0.218341
VERTEX_POSE A46 -0.447578 -0.812336 -0.825439 -0.145260 0.117831 -0.982352 -0.956310 -0.271331 0.108864 -0.253715 0.955246 0.152096
VERTEX_POSE A47 0.557059 -0.215661 -0.467256 0.237337 0.832370 -0.500831 -0.963319 0.268138 -0.010864 0.125249 0.485038 0.865477
VERTEX_POSE A48 0.083836 -0.400865 0.857624 -0.891138 0.416301 -0.180461 0.134381 0.622036 0.771371 -0.433375 -0.663147 0.610263
VERTEX_POSE A49 0.783120 0.859896 -0.201952 0.391078 -0.858877 -0.330739 0.771759 0.501821 -0.390593 0.501443 -0.102499 0.859098
VERTEX_POSE A50 -0.014803 -0.058102 -0.469347 -0.911891 -0.408690 -0.037780 -0.376350 0.795893 0.474251 0.163753 -0.446684 0.879579
VERTEX_POSE A51 -0.332613 -0.008329 -0.032446 0.114748 -0.989153 0.091703 0.731419 0.021661 -0.681585 -0.672205 -0.145284 -0.725970
VERTEX_POSE A52 -0.130739 0.373948 -0.924041 0.597203 -0.521817 0.609144 0.651012 0.758974 0.011918 0.468543 -0.389443 -0.792970
VERTEX_POSE A53 -0.032275 0.018006 -0.392421 -0.364007 -0.656773 -0.660415 -0.124919 0.737079 -0.664161 -0.922981 0.159261 0.350346
VERTEX_POSE A54 0.328380 0.017360 -0.331390 -0.633264 0.667120 -0.392337 0.682702 0.242731 -0.689202 -0.364548 -0.704296 -0.609157
VERTEX_POSE A55 -0.151295 -0.943992 -0.605153 0.187453 0.893463 -0.408148 0.222159 -0.443309 -0.868402 -0.956821 0.072111 -0.281591
VERTEX_POSE A56 0.452115 0.348573 -0.690270 -0.184940 -0.389833 0.902124 0.844748 -0.532143 -0.056776 -0.502192 -0.751567 -0.427726
VERTEX_POSE A57 -0.979339 0.099238 0.611928 -0.113582 -0.981623 -0.153348 0.296705 -0.180817 0.937695 0.948190 -0.061006 -0.311790
VERTEX_POSE A58 0.475676 -0.911920 -0.418115 0.039614 -0.451680 -0.891300 -0.590322 -0.730270 0.343839 0.806195 -0.512533 0.295565
VERTEX_POSE A59 -0.527226 0.872115 -0.670094 -0.798766 -0.573404 -0.182153 0.566972 -0.818700 0.090955 -0.201283 -0.030624 0.979054
VERTEX_POSE A60 -0.711661 -0.656815 -0.944707 -0.078101 -0.581595 0.809720 0.119770 -0.811792 -0.571531 -0.989725 -0.052343 -0.133059
VERTEX_POSE A61 -0.105245 0.318271 0.376493 -0.126954 0.386681 -0.913433 0.734129 0.655903 0.175628 0.667036 -0.648281 -0.367144
VERTEX_POSE A62 0.095799 -0.324819 0.504777 0.217947 0.432456 -0.874918 -0.611113 0.759439 0.223145 0.760947 0.486040 0.429797
VERTEX_POSE A63 -0.935797 0.751982 -0.676772 0.583248 0.765320 -0.272226 0.644608 -0.232157 0.728412 -0.494269 0.600324 0.628737
VERTEX_POSE A64 0.061859 -0.028909 -0.186054 0.392490 0.869511 -0.299837 -0.906224 0.309874 -0.287640 0.157194 -0.384615 -0.909594
VERTEX_POSE A65 -0.616419 -0.384582 -0.047956 -0.263298 0.089330 -0.960570 -0.702762 0.664377 0.254417 -0.660908 -0.742040 0.112152
VERTEX_POSE A66 -0.986601 -0.080313 0.451051 0.737023 0.422165 -0.527802 -0.575920 0.800980 -0.163548 0.353714 0.424510 0.833473
VERTEX_POSE A67 -0.048434 0.255438 -0.780450 0.123066 -0.937300 -0.326072 -0.033435 -0.332299 0.942581 -0.991835 -0.105097 -0.072233
VERTEX_POSE A68 -0.115357 -0.248991 -0.791932 -0.466737 0.730593 0.498388 0.172178 -0.477688 0.861492 0.867474 0.487902 0.097162
VERTEX_POSE A69 0.461696 -0.828784 0.233686 -0.337990 -0.783144 -0.521965 -0.540953 -0.292182 0.788669 -0.770151 0.548921 -0.324890
VERTEX_POSE A70 0.003820 0.848727 -0.811384 0.748116 -0.590396 -0.302910 0.387568 0.018235 0.921661 0.538621 0.806908 -0.242461
VERTEX_POSE A71 -0.432459 -0.435212 -0.549798 0.117434 0.720374 -0.683572 0.644053 0.468700 0.604579 -0.755913 0.511255 0.408918
VERTEX_POSE A72 0.951934 0.865056 -0.953853 0.391625 -0.858858 0.330142 0.916642 0.395356 -0.058838 0.079990 -0.325664 -0.942096
VERTEX_POSE A73 0.354055 0.847067 0.861188 0.265188 0.957273 -0.115341 0.755782 -0.280655 -0.591630 -0.598723 0.069721 -0.797916
VERTEX_POSE A74 -0.609680 0.450888 0.793263 -0.738624 -0.292435 -0.607385 0.056332 0.871080 -0.487899 0.671760 -0.394589 -0.626927
VERTEX_POSE A75 0.602831 0.348798 -0.147610 -0.459479 -0.872360 -0.166936 -0.835098 0.488322 -0.253284 0.302473 0.023029 -0.952880
VERTEX_POSE A76 -0.038228 -0.019736 0.462657 -0.838506 -0.311387 -0.447154 -0.274897 -0.466796 0.840555 -0.470467 0.827732 0.305811
VERTEX_POSE A77 -0.057258 0.638552 0.967824 -0.290515 0.765915 0.573563 -0.220621 0.529650 -0.819022 -0.931089 -0.364479 0.015106
VERTEX_POSE A78 0.159891 -0.866863 0.385133 -0.506828 0.233281 0.829883 0.627922 -0.559675 0.540812 0.590625 0.795201 0.137177
VERTEX_POSE A79 -0.954393 0.579399 0.320282 -0.882038 -0.005924 0.471141 0.470823 0.027734 0.881792 0.018290 -0.999598 0.021673
VERTEX_POSE A80 -0.274138 0.498447 -0.234127 -0.393430 0.398199 -0.828644 0.818934 -0.257820 -0.512714 0.417803 0.880322 0.224664
VERTEX_POSE A81 -0.854913 0.075036 0.915787 0.839616 0.074993 0.537978 -0.310880 -0.745823 0.589153 0.445419 -0.661909 -0.602891
VERTEX_POSE A82 -0.287006 -0.428930 -0.712165 0.775584 0.195591 -0.600178 0.170572 -0.980353 -0.099063 -0.607762 -0.025541 -0.793709
VERTEX_POSE A83 0.595123 -0.127605 -0.158168 -0.664589 0.570192 -0.482911 0.728395 0.350260 -0.588862 0.166620 0.743101 0.648104
VERTEX_POSE A84 0.112812 -0.906959 -0.476634 0.434604 -0.726932 -0.531685 -0.075571 -0.617706 0.782770 -0.897445 -0.300015 -0.323393
VERTEX_POSE A85 -0.958626 0.588430 -0.043554 0.654341 0.396218 0.644087 0.714041 -0.043315 -0.698763 0.248964 -0.917134 0.311259
VERTEX_POSE A86 -0.556172 -0.071596 0.236679 0.320927 0.724264 0.610284 -0.911309 0.411618 -0.009269 0.257917 0.553183 -0.792128
VERTEX_POSE A87 -0.435072 0.441614 -0.166904 0.669345 0.557128 -0.491514 -0.697198 0.242444 -0.674638 -0.256695 0.794248 0.550707
VERTEX_POSE A88 -0.937965 -0.312332 -0.431627 -0.732870 0.577952 0.358990 -0.192729 0.329678 -0.924212 0.652501 0.746515 0.130223
VERTEX_POSE A89 0.919504 0.016484 0.818563 0.720897 0.680087 -0.133374 0.381942 -0.229284 0.895293 -0.578297 0.696355 0.425044
VERTEX_POSE A90 0.037702 0.313729 0.163002 -0.211308 -0.902954 0.374196 0.205098 -0.415280 -0.886272 0.955659 -0.110530 0.272946
VERTEX_POSE A91 -0.649626 0.030853 -0.376334 0.110760 -0.992286 -0.055690 -0.896016 -0.075457 -0.437563 -0.429985 -0.098363 0.897462
VERTEX_POSE A92 -0.185741 -0.665246 0.195056 0.477824 0.808252 0.344112 0.878079 -0.450920 -0.160153 0.025723 0.378682 -0.925169
VERTEX_POSE A93 -0.866500 0.988911 -0.332220 0.559738 -0.101071 -0.822483 -0.177882 -0.984052 -0.000132 0.809353 -0.146379 0.568790
VERTEX_POSE A94 -0.585423 -0.217165 -0.053106 0.703415 0.342956 0.622566 0.576960 -0.787054 -0.218319 0.415119 0.512764 -0.751498
VERTEX_POSE A95 0.876118 0.305846 -0.990998 -0.640798 0.586412 -0.495478 -0.609588 0.003662 0.792710 -0.466669 -0.810005 -0.355123
VERTEX_POSE A96 -0.482919 -0.395671 0.619823 -0.707127 0.092623 -0.700993 0.622763 0.551091 -0.555396 0.334868 -0.829289 -0.447374
VERTEX_POSE A97 -0.572024 0.702521 -0.602055 0.255967 -0.935835 0.242270 -0.609146 0.038454 0.792126 -0.750615 -0.350336 -0.560217
VERTEX_POSE A98 -0.172316 -0.438716 -0.771448 -0.747721 -0.574156 0.333556 -0.078729 0.575446 0.814042 0.659330 -0.582415 0.475475
VERTEX_POSE A99 0.401724 0.355338 0.827891 0.034022 -0.999112 -0.024867 0.625561 0.040693 -0.779113 0.779433 0.010952 0.626390
VERTEX_POSE A100 0.889672 0.873737 0.631631 -0.870556 0.127093 0.475372 -0.153324 -0.988036 -0.016628 -0.467572 0.087361 -0.879628
VERTEX_POSE A101 0.831503 -0.589989 -0.582832 0.007263 0.449541 0.893230 0.459291 -0.794959 0.396348 0.888256 0.407374 -0.212244
VERTEX_POSE A102 0.969265 0.920126 -0.721907 0.242415 0.956900 -0.159930 0.852087 -0.288816 -0.436500 -0.463877 -0.030460 -0.885376
VERTEX_POSE A103 0.841606 0.738794 0.677778 0.948714 0.307908 -0.071652 -0.109574 0.107670 -0.988130 0.296538 -0.945304 -0.135887
VERTEX_POSE A104 0.185559 -0.742922 -0.721644 0.935629 -0.304764 -0.178097 -0.169402 -0.830322 0.530913 -0.309681 -0.466568 -0.828500
VERTEX_POSE A105 -0.640415 0.371014 -0.928644 -0.009088 0.749161 -0.662326 -0.057605 0.660861 0.748294 0.998298 0.044954 0.037149
VERTEX_POSE A106 0.444437 0.087592 -0.469832 0.566182 0.718375 0.404197 -0.462281 0.682722 -0.565851 -0.682447 0.133522 0.718636
VERTEX_POSE A107 -0.852670 0.237342 0.741013 0.673391 0.379662 0.634351 0.468627 0.444428 -0.763461 -0.571780 0.811382 0.121354
VERTEX_POSE A108 0.302327 0.009566 -0.960820 -0.340919 0.459467 0.820161 0.910546 -0.055621 0.409649 0.233838 0.886451 -0.399404
VERTEX_POSE A109 -0.395672 0.220729 0.915301 -0.734349 0.159472 -0.659773 0.025931 -0.964709 -0.262039 -0.678277 -0.209536 0.704297
VERTEX_POSE A110 -0.807063 -0.183260 0.061294 0.343905 0.464770 0.815916 -0.425208 0.851803 -0.305990 0.837214 0.241703 -0.490563
VERTEX_POSE A111 -0.971812 -0.491987 -0.194947 -0.571203 -0.613332 -0.545483 0.611989 -0.761102 0.214925 0.546989 0.211064 -0.810096
VERTEX_POSE A112 -0.250585 -0.704236 0.831088 -0.571363 -0.188842 -0.798676 -0.236498 -0.894000 0.380569 -0.785884 0.406328 0.466138
VERTEX_POSE A113 -0.094068 0.387810 0.349130 0.677273 -0.004392 0.735719 0.349383 -0.878116 -0.326869 -0.647483 -0.478427 0.593189
VERTEX_POSE A114 0.623311 0.380408 0.646885 -0.237507 -0.370166 -0.898091 0.963829 -0.204898 -0.170439 0.120927 0.906087 -0.405441
VERTEX_POSE A115 0.862227 -0.611194 -0.645546 0.258876 0.952331 0.161396 -0.215353 0.219792 -0.951480 -0.941598 0.211558 0.261986
VERTEX_POSE A116 -0.052694 -0.023760 -0.694425 0.826191 0.173486 0.536014 -0.441403 0.790550 0.424493 0.350102 0.587310 -0.729723
VERTEX_POSE A117 -0.932861 -0.691188 -0.116436 -0.316790 0.491579 -0.811169 0.907011 0.407160 -0.107475 0.277443 -0.769786 -0.574852
VERTEX_POSE A118 -0.572845 0.830420 0.187550 0.242049 -0.839958 0.485678 0.659104 -0.224999 -0.717605 0.712036 0.493808 0.499159
VERTEX_POSE A119 0.009341 0.663908 -0.126051 0.370070 -0.855774 -0.361524 0.713922 0.510982 -0.478762 -0.594444 0.080924 -0.800055
VERTEX_POSE A120 0.986643 0.325295 -0.297873 0.647545 0.184271 0.739412 -0.147827 -0.921512 0.359113 -0.747551 0.341847 0.569480
VERTEX_POSE A121 0.464857 0.144149 -0.649447 0.779926 0.248150 -0.574575 -0.598612 0.563748 -0.569080 -0.182698 -0.787788 -0.588227
VERTEX_POSE A122 0.359715 -0.305239 0.497615 0.675926 0.681219 -0.281186 -0.667230 0.403654 -0.625993 0.312936 -0.610741 -0.727370
VERTEX_POSE A123 -0.199098 0.660050 0.897183 0.703721 0.335549 -0.626245 -0.049388 -0.856209 -0.514264 0.708758 -0.392827 0.585960
VERTEX_POSE A124 0.598357 0.133060 0.018332 -0.404428 0.837431 -0.367624 0.608275 -0.053876 -0.791896 0.682964 0.543881 0.487599
VERTEX_POSE A125 0.774292 0.477596 -0.555491 -0.751376 -0.561449 0.346712 -0.581765 0.315659 -0.749606 0.311423 -0.764941 -0.563810
VERTEX_POSE A126 -0.322981 -0.034104 0.906185 -0.800583 -0.438611 -0.408274 0.597633 -0.634028 -0.490757 0.043606 0.636890 -0.769721
VERTEX_POSE A127 -0.884562 0.737389 -0.361845 0.726132 -0.052283 0.685565 -0.535199 -0.668922 0.515854 0.431619 -0.741491 -0.513708
VERTEX_POSE A128 -0.797732 0.180117 -0.157547 0.956420 0.200540 0.212238 0.291877 -0.635898 -0.714452 0.008315 -0.745264 0.666718
VERTEX_POSE A129 0.504703 0.527180 -0.865263 0.409074 -0.647013 0.643453 0.483430 0.751730 0.448550 0.773921 -0.127574 -0.620299
VERTEX_POSE A130 0.517162 0.092726 -0.533954 -0.124404 -0.947940 -0.293143 -0.660428 -0.141382 0.737459 0.740513 -0.285343 0.608457
VERTEX_POSE A131 -0.908060 0.053855 -0.525916 0.689843 0.529014 -0.494229 0.703458 -0.328496 0.630268 -0.171069 0.782455 0.598749
VERTEX_POSE A132 0.336206 0.937191 -0.448094 0.938240 0.025867 0.345016 0.174528 0.825645 -0.536516 0.298739 -0.563596 -0.770139
VERTEX_POSE A133 0.486427 0.012852 -0.255861 -0.306875 0.147473 0.940255 0.622551 -0.716159 0.315509 -0.719901 -0.682179 -0.127961
VERTEX_POSE A134 0.933546 -0.207352 -0.848137 0.564777 -0.665666 0.487766 -0.147588 -0.663002 -0.733925 0.811939 0.342516 -0.472693
VERTEX_POSE A135 -0.478235 -0.805731 -0.169739 -0.886723 0.208701 -0.412512 -0.414275 0.037309 0.909387 0.205180 0.977268 0.053377
VERTEX_POSE A136 0.846012 -0.616134 -0.184504 -0.087305 0.986908 -0.135609 0.698100 -0.036501 -0.715069 -0.710658 -0.157098 -0.685774
VERTEX_POSE A137 0.377983 0.880240 -0.317969 0.692342 -0.053810 0.719560 0.699692 0.293760 -0.651258 0.176334 -0.954363 -0.241033
VERTEX_POSE A138 -0.330905 0.431610 -0.428726 0.151675 0.222617 0.963035 0.987444 -0.077645 -0.137570 0.044150 0.971809 -0.231599
VERTEX_POSE A139 0.148339 0.393432 -0.145324 -0.213203 0.668022 -0.712945 -0.954079 -0.299518 0.004668 -0.210422 0.681201 0.701204
VERTEX_POSE A140 0.982311 0.100969 -0.402668 -0.201754 0.216576 -0.955191 0.460234 -0.839907 -0.287647 0.864569 0.497645 -0.069779
VERTEX_POSE A141 -0.137967 -0.751649 0.632569 0.768307 0.171440 0.616695 0.627536 -0.011926 -0.778497 0.126111 -0.985122 0.116748
VERTEX_POSE A142 0.176528 0.901445 0.659729 -0.992107 0.107304 0.064886 -0.030919 -0.710801 0.702713 0.121525 0.695160 0.708508
VERTEX_POSE A143 -0.268274 0.396734 -0.571580 0.602100 -0.789558 -0.118628 0.798237 0.592101 0.110603 -0.017088 -0.161288 0.986759
VERTEX_POSE A144 0.767965 0.636161 -0.018302 0.648690 -0.124627 -0.750779 0.437001 -0.746663 0.501523 0.623082 0.653424 0.429890
VERTEX_POSE A145 -0.200161 0.281853 0.306614 -0.299394 0.834794 0.462040 0.186259 0.526072 -0.829792 -0.935773 -0.162376 -0.312991
VERTEX_POSE A146 -0.406047 0.785539 -0.217125 0.254670 0.782728 0.567874 0.635182 -0.578191 0.512093 -0.729169 -0.230288 0.644422
VERTEX_POSE A147 -0.284729 -0.387599 0.287273 0.881176 0.389959 -0.267321 0.471723 -0.687248 0.552419 -0.031705 0.612880 0.789540
VERTEX_POSE A148 -0.133022 0.590665 -0.809822 0.552912 -0.526259 -0.646018 -0.703182 -0.710640 -0.022936 0.447016 -0.466950 0.762977
VERTEX_POSE A149 0.021108 0.615960 0.970425 0.029862 0.159535 0.986741 0.993828 -0.110258 -0.012250 0.106842 0.981016 -0.161843
VERTEX_POSE A150 0.724612 -0.723691 -0.838778 0.307065 0.823082 -0.477752 -0.623602 -0.205200 -0.754330 -0.718910 0.529555 0.450266
VERTEX_POSE A151 -0.146378 -0.084039 -0.107694 0.687800 -0.254845 -0.679695 0.311145 0.949472 -0.041140 0.655835 -0.183188 0.732340
VERTEX_POSE A152 -0.514035 -0.239891 -0.679022 0.448668 0.498803 0.741548 0.812181 -0.573799 -0.105438 -0.372906 -0.649577 0.662563
VERTEX_POSE A153 0.084328 -0.028930 0.658837 -0.684189 -0.412207 0.601640 0.364855 -0.907757 -0.207024 0.631480 0.077868 0.771472
VERTEX_POSE A154 0.654523 -0.423990 -0.210511 -0.226208 0.745776 -0.626617 0.339400 0.663324 0.666940 0.913038 -0.061806 -0.403165
VERTEX_POSE A155 -0.915678 0.893169 0.339310 -0.008723 -0.831461 -0.555514 -0.766706 0.362195 -0.530072 -0.641939 -0.421292 0.640646
VERTEX_POSE A156 -0.141380 -0.551334 -0.896655 -0.279599 0.729772 0.623905 0.625798 -0.354303 0.694871 0.728149 0.584724 -0.357627
VERTEX_POSE A157 -0.668457 0.541906 -0.304325 -0.705955 0.384175 0.595010 -0.034841 -0.857925 0.512592 0.707399 0.341136 0.619042
VERTEX_POSE A158 -0.800240 0.630557 0.977465 0.332129 0.467745 -0.819088 -0.837670 -0.252913 -0.484091 0.433589 -0.846906 -0.307816
VERTEX_POSE A159 0.060888 0.628783 -0.054201 -0.040264 -0.990891 0.128503 0.998397 -0.045016 -0.034294 0.039766 0.126916 0.991116
VERTEX_POSE A160 0.836246 0.069086 -0.169588 -0.166286 0.872787 -0.458903 -0.686934 0.231347 0.688913 0.707440 0.429792 0.561077
VERTEX_POSE A161 0.716921 -0.276716 -0.556489 0.762928 0.327285 0.557517 0.376960 -0.925817 0.027645 0.525207 0.189071 -0.829705
VERTEX_POSE A162 0.152828 -0.317362 0.419883 -0.903711 -0.427203 0.028344 0.423040 -0.880793 0.212696 0.065899 -0.204207 -0.976707
VERTEX_POSE A163 0.172452 0.006277 0.382318 -0.265757 0.559888 -0.784792 -0.212885 0.759886 0.614209 -0.940241 -0.330301 0.082753
VERTEX_POSE A164 0.203349 0.736136 0.187651 -0.448646 -0.420759 0.788466 0.755058 -0.650442 0.082534 -0.478125 -0.632366 -0.609516
VERTEX_POSE A165 0.086374 0.475286 0.571746 -0.888851 0.077711 -0.451559 0.338240 0.776097 -0.532229 -0.309093 0.625807 0.716119
VERTEX_POSE A166 0.694218 0.200546 -0.787421 0.035555 0.804731 0.592574 0.980055 0.087931 -0.178217 0.195522 -0.587091 0.785554
VERTEX_POSE A167 0.049361 -0.879998 -0.996854 0.895954 0.372185 0.242372 0.295465 -0.906895 0.300404 0.331612 -0.197536 -0.922504
VERTEX_POSE A168 -0.535643 0.355527 -0.746224 0.944707 0.190219 -0.267105 0.157888 0.450058 0.878931 -0.287402 0.872505 -0.395140
VERTEX_POSE A169 -0.636687 -0.367844 -0.216147 0.632200 -0.658835 -0.407750 -0.496283 -0.748466 0.439890 0.595001 0.075739 0.800148
VERTEX_POSE A170 -0.802300 0.513434 -0.142178 -0.073092 0.045912 -0.996268 0.937061 0.345143 -0.052843 0.341429 -0.937426 -0.068249
VERTEX_POSE A171 -0.553333 -0.543504 -0.148891 0.567717 0.130285 -0.812849 -0.258230 -0.909378 -0.326111 -0.781675 0.395041 -0.482626
VERTEX_POSE A172 0.225346 -0.119493 -0.583578 0.444590 0.853472 0.271892 0.802148 -0.514436 0.303173 -0.398621 -0.083310 0.913324
VERTEX_POSE A173 0.374228 0.414879 -0.482449 -0.464959 -0.455186 -0.759354 0.836380 -0.507091 -0.208152 0.290314 0.731891 -0.616485
VERTEX_POSE A174 0.178393 0.853230 0.279529 -0.988024 0.039223 0.149235 0.143880 -0.115251 0.982861 0.055750 0.992562 0.108227
VERTEX_POSE A175 -0.006690 -0.483333 0.398120 -0.093073 0.947470 -0.306004 -0.903363 0.048871 0.426082 0.418655 0.316090 0.851361
VERTEX_POSE A176 -0.825933 -0.303268 0.824165 0.101208 -0.580048 -0.808271 -0.993443 -0.102345 -0.050948 -0.053170 0.808128 -0.586603
VERTEX_POSE A177 0.772346 0.638769 -0.937596 -0.109155 -0.416290 -0.902656 -0.420207 0.842278 -0.337630 -0.900839 -0.342449 0.266867
VERTEX_POSE A178 0.708581 0.129069 -0.314606 -0.695077 -0.715568 0.069498 0.014809 0.082397 0.996490 -0.718782 0.693667 -0.046676
VERTEX_POSE A179 0.041045 -0.712603 -0.985656 -0.528794 0.503868 0.683003 -0.509625 0.455014 -0.730236 -0.678719 -0.734220 0.016175
VERTEX_POSE A180 -0.206545 0.254729 -0.967171 0.740491 -0.092601 0.665656 -0.658529 0.097826 0.746170 0.134215 0.990886 -0.011459
VERTEX_POSE A181 0.433194 0.405378 -0.153384 0.373668 -0.731597 0.570209 0.473589 -0.378096 -0.795460 -0.797550 -0.567283 -0.205194
VERTEX_POSE A182 0.894666 0.203357 -0.093350 0.898859 0.356152 -0.255361 -0.434170 0.802933 -0.408406 0.059583 0.477969 0.876353
VERTEX_POSE A183 0.279420 -0.985162 -0.646193 0.284985 -0.819699 0.496868 -0.500381 0.314904 0.806507 -0.817559 -0.478466 -0.320419
VERTEX_POSE A184 -0.482478 -0.623552 -0.494548 -0.824887 -0.020720 -0.564918 0.458128 -0.609959 -0.646582 0.331179 0.792162 -0.512640
VERTEX_POSE A185 0.549190 0.779368 0.696139 0.548880 0.810153 0.205870 0.519180 -0.523430 0.675628 -0.655121 0.263955 0.707915
VERTEX_POSE A186 0.363742 0.908007 0.693116 0.353438 0.854430 -0.380830 0.276761 -0.484390 -0.829921 0.893580 -0.187927 0.407675
VERTEX_POSE A187 0.376142 -0.174886 -0.391202 -0.630345 -0.683000 0.369020 -0.545422 0.051372 -0.836586 -0.552431 0.728610 0.404905
VERTEX_POSE A188 0.880733 0.321274 -0.608186 -0.026445 -0.381220 0.924106 -0.947336 -0.285574 -0.144917 -0.319146 0.879272 0.353592
VERTEX_POSE A189 0.563501 0.538564 0.670581 -0.502418 -0.755537 0.420405 0.841294 -0.539374 0.036071 -0.199503 -0.371807 -0.906619
VERTEX_POSE A190 -0.562970 -0.546102 0.554596 -0.524052 0.688733 -0.501016 -0.848710 -0.373166 0.374753 0.071143 0.621607 0.780092
VERTEX_POSE A191 0.716979 -0.609640 0.222226 0.793422 0.446803 0.413338 -0.273330 -0.345219 0.897839 0.543850 -0.825343 -0.151779
VERTEX_POSE A192 0.280423 -0.738152 -0.885907 -0.551578 0.609942 -0.568976 0.174044 0.751268 0.636636 0.815764 0.252128 -0.520539
VERTEX_POSE A193 0.589858 0.136536 -0.025521 0.967917 0.220362 0.120740 0.232212 -0.600880 -0.764867 0.095997 -0.768364 0.632772
VERTEX_POSE A194 -0.110569 0.396637 -0.395456 -0.084315 0.026244 0.996093 0.692816 0.720022 0.039674 -0.716168 0.693455 -0.078891
VERTEX_POSE A195 -0.516229 0.997984 0.301743 0.380329 -0.891724 0.245313 0.901961 0.298983 -0.311570 0.204489 0.339762 0.918012
VERTEX_POSE A196 -0.323769 -0.388178 -0.453775 -0.765423 0.639510 -0.071795 0.332737 0.488788 0.806457 0.550830 0.593392 -0.586918
VERTEX_POSE A197 -0.416351 -0.402817 -0.182877 0.707846 -0.682523 -0.181980 -0.178408 0.076528 -0.980976 -0.683465 -0.726846 0.067597
VERTEX_POSE A198 0.533132 -0.882014 0.304889 0.033980 -0.808413 0.587635 0.241263 -0.563950 -0.789780 -0.969865 -0.168611 -0.175877
VERTEX_POSE A199 0.140588 0.967349 -0.199999 0.502315 -0.239830 -0.830759 0.837735 0.372975 0.398860 0.214194 -0.896310 0.388265
VERTEX_POSE A200 -0.053038 0.229338 0.600977 0.409050 0.072646 -0.909616 -0.744050 0.603633 -0.286387 0.528269 0.793946 0.300968
VERTEX_POSE A201 0.730833 0.631419 -0.837288 -0.625577 -0.152606 0.765091 0.420897 0.759703 0.495678 0.656885 -0.632110 0.411021
VERTEX_POSE A202 0.587255 -0.576155 0.651110 -0.077562 0.462047 0.883457 0.239364 -0.851578 0.466390 -0.967827 -0.247642 0.044547
VERTEX_POSE A203 -0.827692 -0.890155 -0.982601 0.688961 -0.228211 -0.687934 0.232548 -0.829359 0.508021 -0.686480 -0.509985 -0.518326
VERTEX_POSE A204 0.105060 0.046298 -0.319737 -0.632204 0.724167 -0.275498 0.773289 0.611941 -0.165989 0.048385 -0.317979 -0.946862
VERTEX_POSE A205 -0.234351 -0.722926 -0.069361 -0.796923 0.392418 -0.459263 -0.109854 0.653446 0.748960 0.594009 0.647315 -0.477637
VERTEX_POSE A206 0.165618 -0.373487 0.415519 0.386516 -0.866121 -0.316924 0.900904 0.428124 -0.071289 0.197428 -0.257963 0.945768
VERTEX_POSE A207 0.279127 0.743030 -0.495572 0.855006 0.515657 -0.055348 0.502567 -0.850157 -0.157032 0.128029 -0.106447 0.986041
VERTEX_POSE A208 -0.462005 0.915844 -0.006957 -0.399408 0.302647 0.865377 0.879714 -0.139148 0.454689 0.258026 0.942890 -0.210666
VERTEX_POSE A209 -0.125801 0.755581 -0.899087 -0.801404 -0.597162 -0.033899 0.283387 -0.329179 -0.900740 0.526729 -0.731463 0.433033
VERTEX_POSE A210 -0.679828 -0.969574 -0.481228 -0.528588 -0.839030 -0.128929 -0.731102 0.372787 0.571420 0.431376 -0.396306 0.810467
VERTEX_POSE A211 0.331449 0.170572 0.025872 -0.090016 -0.653813 -0.751282 -0.868925 -0.317071 0.380047 -0.486689 0.687018 -0.539573
VERTEX_POSE A212 -0.692607 0.160959 -0.052471 -0.475973 0.707178 0.522827 0.034288 -0.579113 0.814526 0.878791 0.405619 0.251395
VERTEX_POSE A213 -0.785162 0.233784 0.425422 -0.805646 0.591658 -0.029596 0.001108 0.051464 0.998674 -0.592397 -0.804545 0.042117
VERTEX_POSE A214 -0.389131 0.185410 0.379678 -0.814449 -0.322091 -0.482628 -0.196924 -0.628974 0.752072 -0.545796 0.707566 0.448840
VERTEX_POSE A215 -0.175086 0.537407 0.452981 0.458672 -0.361408 -0.811791 0.501997 -0.648427 0.572312 0.733226 0.670020 0.115990
VERTEX_POSE A216 0.764028 0.013151 0.121561 -0.665056 0.273166 -0.695040 -0.308595 -0.948046 -0.077321 0.680051 -0.163064 -0.714801
VERTEX_POSE A217 0.974610 0.093416 0.072795 -0.193916 -0.022865 0.980752 -0.567848 0.817839 -0.093210 0.799966 0.574993 0.171576
VERTEX_POSE A218 -0.798944 -0.637479 -0.938221 0.754269 0.650017 0.092499 -0.136498 0.293052 -0.946303 0.642220 -0.701141 -0.309766
VERTEX_POSE A219 0.644761 -0.665575 0.513375 0.403377 -0.205969 0.891551 -0.477638 0.783667 0.397149 -0.780480 -0.586040 0.217735
VERTEX_POSE A220 0.538112 -0.368020 -0.256624 0.546239 -0.269444 -0.793110 -0.074185 0.927568 -0.366216 -0.834338 -0.258878 -0.486685
VERTEX_POSE A221 -0.361914 -0.183581 0.616375 -0.209079 -0.354927 -0.911215 0.893683 -0.447648 -0.030693 0.397009 0.820755 -0.410786
VERTEX_POSE A222 0.361740 -0.275215 -0.264399 -0.148340 -0.769854 -0.620742 -0.954693 0.275224 -0.113192 0.257984 0.575827 -0.775801
VERTEX_POSE A223 -0.181466 -0.106172 -0.142531 -0.663387 -0.413607 0.623575 -0.357184 -0.557244 -0.749599 -0.657523 0.720006 -0.221935
VERTEX_POSE A224 -0.772057 0.952955 -0.409145 0.437966 -0.076347 -0.895744 -0.699504 0.596932 -0.392895 0.564694 0.798651 0.208031
VERTEX_POSE A225 -0.748829 -0.878578 0.340145 0.302984 -0.951287 0.057045 -0.767543 -0.208106 0.606275 -0.564870 -0.227476 -0.793206
VERTEX_POSE A226 0.302306 -0.108188 -0.840788 0.358053 -0.401694 -0.842876 0.911146 -0.046902 0.409407 -0.203989 -0.914572 0.349209
VERTEX_POSE A227 -0.095825 -0.435223 0.137080 0.348574 0.331881 0.876556 0.414024 -0.893545 0.173671 0.840881 0.302378 -0.448873
VERTEX_POSE A228 -0.165180 -0.281395 -0.842732 0.259432 0.379740 0.887971 0.738279 0.514770 -0.435839 0.622606 -0.768641 0.146806
VERTEX_POSE A229 -0.164562 0.009797 0.464101 -0.289892 0.141192 0.946587 -0.600328 0.743460 -0.294744 -0.745365 -0.653707 -0.130761
VERTEX_POSE A230 -0.955237 -0.467874 0.937081 -0.478798 -0.849255 0.222527 0.181944 -0.343954 -0.921191 0.858865 -0.400576 0.319201
VERTEX_POSE A231 0.781782 0.947943 0.758245 -0.557728 0.196078 0.806531 -0.053432 0.961200 -0.270629 -0.828302 -0.194032 -0.525611
VERTEX_POSE A232 -0.433730 -0.358783 0.626813 0.384545 -0.389758 -0.836788 -0.780746 -0.620965 -0.069559 -0.492505 0.680067 -0.543091
VERTEX_POSE A233 0.632018 -0.044029 0.588191 -0.078481 -0.578707 -0.811750 0.954385 0.191685 -0.228925 -0.288081 0.792688 -0.537266
VERTEX_POSE A234 0.954090 -0.942212 0.775644 -0.212003 0.976907 0.026586 0.410357 0.113678 -0.904812 -0.886940 -0.180913 -0.424980
VERTEX_POSE A235 0.671331 0.687515 -0.692924 0.007015 0.969297 -0.245792 -0.796489 0.154033 0.584704 0.604612 0.191669 0.773115
VERTEX_POSE A236 -0.602333 0.233045 -0.481170 0.604216 -0.785963 0.131093 0.787006 0.614384 0.056153 0.124675 -0.069243 -0.989778
VERTEX_POSE A237 0.119707 -0.315699 0.191163 -0.868978 -0.346516 0.353276 -0.376779 0.926120 -0.018391 0.320804 0.149089 0.935338
VERTEX_POSE A238 -0.049542 0.430544 -0.188496 -0.967103 0.125604 0.221214 -0.093341 0.633734 -0.767899 -0.236642 -0.763285 -0.601162
VERTEX_POSE A239 -0.064338 0.148889 0.511872 0.727155 0.570930 0.381161 -0.218537 -0.333832 0.916950 0.650758 -0.750063 -0.117979
VERTEX_POSE A240 0.993907 -0.560118 0.292076 0.842396 0.537363 -0.040114 0.233028 -0.296159 0.926276 0.485867 -0.789639 -0.374704
VERTEX_POSE A241 0.270630 0.460971 0.330276 -0.540745 -0.642671 -0.542743 0.061314 -0.673608 0.736542 0.838949 -0.365003 -0.403654
VERTEX_POSE A242 -0.732889 -0.680539 -0.462256 -0.410803 0.723542 -0.554732 -0.747976 0.080444 0.658833 -0.521318 -0.685577 -0.508145
VERTEX_POSE A243 -0.698700 0.600841 -0.760396 -0.338273 -0.939076 0.060888 -0.897707 0.302608 -0.320235 -0.282300 0.162987 0.945379
VERTEX_POSE A244 0.485468 -0.305246 -0.244303 -0.843144 -0.495569 0.208611 0.229410 0.019335 0.973138 -0.486290 0.868353 0.097387
VERTEX_POSE A245 -0.122020 0.504871 0.917422 0.615368 0.277814 -0.737660 0.259300 0.812399 0.522275 -0.744370 0.512666 -0.427887
VERTEX_POSE A246 0.126214 0.138248 0.692586 0.274582 0.898212 -0.343250 -0.101846 -0.327796 -0.939243 -0.956155 0.292858 0.001473
VERTEX_POSE A247 0.249496 0.707906 0.877258 -0.678839 0.614115 0.402543 0.358693 0.755687 -0.547975 -0.640716 -0.227597 -0.733268
VERTEX_POSE A248 -0.147410 -0.401713 -0.009783 0.062369 -0.146133 -0.987297 -0.320473 0.933907 -0.158475 0.945202 0.326286 0.011415
VERTEX_POSE A249 0.327270 0.500769 0.754364 0.720390 0.666115 0.193204 0.534654 -0.355906 -0.766470 -0.441795 0.655455 -0.612532
VERTEX_POSE A250 -0.105743 -0.957669 0.390632 -0.628657 0.091834 0.772242 0.763760 0.259969 0.590836 0.146500 -0.961240 0.233570
VERTEX_POSE A251 -0.609298 0.230267 0.733593 0.800306 -0.559963 -0.214361 -0.249828 0.013580 -0.968195 0.545064 0.828406 -0.129027
VERTEX_POSE A252 0.965356 -0.682812 0.370740 0.838150 -0.162198 0.520765 -0.422498 -0.796902 0.431790 0.344963 -0.581927 -0.736452
VERTEX_POSE A253 -0.744003 -0.232884 -0.873767 -0.576618 -0.174173 0.798233 -0.167705 -0.930976 -0.324281 0.799617 -0.320854 0.507608
VERTEX_POSE A254 0.209236 -0.875904 -0.408938 -0.204277 0.597416 -0.775478 -0.047715 0.785164 0.617447 0.977750 0.163132 -0.131885
VERTEX_POSE A255 -0.806701 -0.729857 0.961594 -0.568243 0.475730 0.671402 0.781632 0.567099 0.259711 0.257199 -0.672369 0.694096
VERTEX_POSE A256 -0.492831 -0.111462 0.466378 -0.799653 -0.548482 -0.244381 -0.379092 0.145521 0.913845 0.465664 -0.823402 0.324292
VERTEX_POSE A257 -0.488458 0.015907 -0.249726 0.584936 0.316078 -0.746956 -0.342525 0.931055 0.125752 -0.735205 -0.182295 -0.652873
VERTEX_POSE A258 0.097474 -0.165080 0.098674 -0.970692 -0.147231 0.189948 0.233301 -0.766997 0.597734 -0.057684 -0.624531 -0.778867
VERTEX_POSE A259 0.341989 0.607143 0.623646 -0.228859 -0.544697 -0.806802 0.475275 -0.785825 0.395718 -0.849551 -0.292889 0.438724
VERTEX_POSE A260 0.346980 -0.974296 -0.785625 -0.267813 -0.046556 0.962345 0.963261 0.007925 0.268451 -0.020124 0.998884 0.042723
VERTEX_POSE A261 0.142237 0.367046 0.035755 -0.476733 -0.070114 0.876247 0.399849 -0.905019 0.145127 0.782845 0.419554 0.459488
VERTEX_POSE A262 0.123771 0.555086 0.381891 -0.014389 0.377552 -0.925876 0.925032 -0.346524 -0.155681 0.379617 0.858705 0.344262
VERTEX_POSE A263 0.913250 -0.333079 0.841188 0.801024 -0.591513 0.092050 0.235218 0.452399 0.860237 0.550485 0.667418 -0.501517
VERTEX_POSE A264 -0.225745 -0.676984 -0.376054 -0.041408 -0.916145 -0.398703 -0.699075 -0.258537 0.666673 -0.713848 0.306330 -0.629748
VERTEX_POSE A265 0.077860 0.612874 0.157535 0.307255 -0.115350 -0.944610 0.751079 -0.580140 0.315148 0.584359 0.806308 0.091614
VERTEX_POSE A266 0.584581 -0.645565 -0.851736 0.081419 0.884147 -0.460061 -0.133119 -0.447811 -0.884163 0.987750 -0.133231 -0.081236
VERTEX_POSE A267 0.171922 0.556062 0.142775 -0.297148 0.715282 0.632515 -0.460861 0.472726 -0.751091 -0.836248 -0.514687 0.189176
VERTEX_POSE A268 -0.802432 -0.702825 -0.651303 -0.116833 0.797172 -0.592340 -0.985780 -0.165615 -0.028450 -0.120780 0.580593 0.805186
VERTEX_POSE A269 -0.464962 0.784980 -0.040233 0.965688 -0.225508 -0.128811 -0.255451 -0.914199 -0.314618 -0.046810 0.336727 -0.940438
VERTEX_POSE A270 -0.892416 -0.295050 -0.345352 0.883003 -0.440576 0.161859 0.445682 0.678854 -0.583546 -0.147218 -0.587410 -0.795787
VERTEX_POSE A271 -0.808525 -0.262943 0.640773 0.487462 -0.781259 -0.389891 0.679891 0.619800 -0.391913 0.547841 -0.074041 0.833300
VERTEX_POSE A272 0.805668 0.245950 -0.709957 0.247073 0.044233 0.967987 -0.819257 0.543004 0.184298 -0.517468 -0.838565 0.170399
VERTEX_POSE A273 -0.625305 0.024411 0.192391 0.775389 -0.289520 -0.561204 -0.623441 -0.492360 -0.607374 -0.100468 0.820828 -0.562269
VERTEX_POSE A274 -0.507226 -0.662103 0.880378 -0.310265 -0.751535 0.582178 -0.706303 0.592130 0.387967 0.636296 0.290821 0.714528
VERTEX_POSE A275 0.291136 0.940705 0.045740 0.404409 0.173939 0.897886 -0.714908 0.672416 0.191735 -0.570403 -0.719445 0.396282
VERTEX_POSE A276 0.252675 -0.470718 0.109813 0.959822 -0.061565 -0.273774 0.160801 -0.678891 0.716414 0.229969 0.731653 0.641715
VERTEX_POSE A277 0.618988 0.476145 0.572963 -0.418869 -0.457492 -0.784379 -0.691571 -0.399062 0.602063 0.588454 -0.794639 0.149233
VERTEX_POSE A278 -0.459368 0.648610 -0.077002 -0.684610 0.536219 -0.493739 -0.275134 0.437160 0.856267 0.674989 0.722053 -0.151752
VERTEX_POSE A279 -0.894735 0.127569 -0.899970 -0.997990 -0.013745 -0.061870 -0.038452 -0.644697 0.763470 0.050381 -0.764314 -0.642873
VERTEX_POSE A280 -0.053742 -0.023086 0.327328 0.825041 0.564633 -0.022291 -0.136346 0.237202 0.961845 0.548377 -0.790522 0.272687
VERTEX_POSE A281 0.434889 0.690941 -0.686370 -0.452156 -0.134605 0.881724 0.597581 0.688161 0.411500 0.662157 -0.712963 0.230719
VERTEX_POSE A282 -0.504033 -0.642164 0.833623 -0.943279 0.277444 0.182345 -0.288936 -0.956543 -0.039267 0.163526 -0.089726 0.982450
VERTEX_POSE A283 -0.088386 0.294102 -0.301933 -0.545759 0.738281 -0.396344 0.314481 -0.257959 -0.913542 0.776691 0.623216 0.091392
VERTEX_POSE A284 0.690887 -0.541943 -0.560136 0.236057 0.918780 -0.316417 0.375040 0.214250 0.901910 0.896450 -0.331571 -0.294004
VERTEX_POSE A285 0.705204 -0.518068 -0.575315 -0.201163 0.555053 0.807124 -0.962326 -0.265851 -0.057022 0.182924 -0.788187 0.587622
VERTEX_POSE A286 0.104913 0.564245 -0.340338 -0.584788 -0.292885 0.756466 0.778553 0.059196 0.624781 -0.227769 0.954313 0.193409
VERTEX_POSE A287 -0.801945 0.346595 0.906241 0.442489 0.868552 -0.223205 -0.059623 -0.219853 -0.973709 -0.894790 0.444164 -0.045497
VERTEX_POSE A288 -0.783254 0.497839 0.174958 0.632591 0.711445 -0.306065 -0.771168 0.615154 -0.163969 -0.071622 -0.339753 -0.937784
VERTEX_POSE A289 -0.797613 -0.600835 0.758335 0.512527 0.571266 0.641070 -0.554921 -0.349374 0.754984 0.655270 -0.742693 0.137944
VERTEX_POSE A290 0.540044 -0.046262 0.529888 0.772957 0.018756 -0.634181 -0.316364 0.877826 -0.359631 0.549955 0.478611 0.684456
VERTEX_POSE A291 0.563725 0.523543 0.389333 -0.162615 -0.853163 0.495650 -0.659379 -0.279730 -0.697832 -0.734013 0.440299 0.517070
VERTEX_POSE A292 0.344624 0.766211 -0.205910 -0.483089 0.065441 0.873122 -0.775834 -0.494212 -0.392219 -0.405841 0.866875 -0.289520
VERTEX_POSE A293 -0.336185 -0.491176 -0.088222 -0.893498 -0.439230 0.093474 -0.318089 0.472105 -0.822153 -0.316985 0.764326 0.561539
VERTEX_POSE A294 0.476975 -0.809536 0.230522 -0.252392 0.833730 0.491114 -0.616087 -0.529836 0.582847 -0.746147 0.155463 -0.647376
VERTEX_POSE A295 -0.881121 -0.910773 0.418036 0.147847 -0.124387 -0.981157 -0.885225 -0.459045 -0.075195 0.441042 -0.879662 0.177979
VERTEX_POSE A296 0.741676 -0.878302 -0.930687 -0.728100 -0.172339 0.663452 0.238846 -0.971007 0.009890 -0.642513 -0.165663 -0.748153
VERTEX_POSE A297 0.061556 -0.455100 0.378785 -0.541281 0.736939 -0.404890 -0.357070 -0.637409 -0.682796 0.761260 0.225010 -0.608156
VERTEX_POSE A298 0.290800 0.645289 -0.439189 -0.120604 -0.420955 -0.899028 -0.948292 -0.218990 0.229751 0.293593 -0.880250 0.372777
VERTEX_POSE A299 0.939244 -0.581127 -0.581989 0.297177 -0.542534 -0.785711 0.730490 0.659097 -0.178816 0.614874 -0.520814 0.592184
VERTEX_POSE A300 0.596594 -0.670120 -0.661447 0.373083 -0.703780 -0.604568 -0.424134 0.450172 -0.785783 -0.825178 -0.549580 0.130545
VERTEX_POSE A301 0.398384 -0.649761 0.215458 -0.238868 0.760262 0.604106 0.653896 -0.333987 0.678876 0.717887 0.557184 -0.417353
VERTEX_POSE A302 -0.869282 0.155930 -0.941216 -0.748687 -0.480197 -0.457032 0.647918 -0.384191 -0.657723 -0.140249 0.788548 -0.598767
VERTEX_POSE A303 0.402262 0.575830 -0.371405 0.527813 -0.816788 0.232961 -0.777555 -0.354290 0.519506 -0.341791 -0.455342 -0.822097
VERTEX_POSE A304 0.773079 0.374650 -0.592150 -0.450853 -0.451163 -0.770184 0.239608 -0.892360 0.382469 -0.859837 -0.012105 0.510425
VERTEX_POSE A305 -0.376508 0.493827 0.939161 -0.762762 0.636949 0.111760 -0.207179 -0.076980 -0.975270 -0.612594 -0.767053 0.190679
