VERTEX_POSE A0 0.369277 0.706938 -0.385851 0.009644 -0.241685 -0.970307 -0.113348 0.963833 -0.241200 0.993509 0.112309 -0.018099
VERTEX_POSE A1 0.146745 0.375146 -0.227092 0.430450 -0.656730 -0.619208 0.572936 0.728893 -0.374779 -0.697465 0.193443 -0.690016
VERTEX_POSE A2 -0.904788 0.820650 0.718298 0.566927 0.692262 0.446506 0.121180 -0.606216 0.786014 -0.814806 0.391505 0.427568
VERTEX_POSE A3 0.961839 0.930172 0.426419 -0.330465 0.715350 0.615685 -0.297440 -0.698028 0.651373 -0.895725 -0.032126 -0.443447
VERTEX_POSE A4 0.274411 0.158364 -0.495063 -0.269679 0.150354 -0.951140 0.408157 0.912466 0.028515 -0.872170 0.380525 0.307441
VERTEX_POSE A5 0.168192 0.431480 0.539590 -0.250076 0.046512 -0.967108 -0.153066 0.984386 0.086923 -0.956051 -0.169769 0.239052
VERTEX_POSE A6 -0.404684 0.272588 -0.102910 0.021335 0.632731 0.774078 -0.960177 0.228706 -0.160480 -0.278577 -0.739828 0.612413
VERTEX_POSE A7 -0.086731 0.842938 0.670015 0.382803 0.739197 0.554121 -0.510957 -0.330307 0.793612 0.769665 -0.586929 0.251255
VERTEX_POSE A8 -0.119818 -0.910285 0.363940 -0.678994 -0.717252 -0.156574 0.431458 -0.217310 -0.875569 -0.593979 0.662061 -0.457017
VERTEX_POSE A9 -0.685973 0.028125 -0.480052 -0.721211 0.373477 0.583412 0.125515 -0.757814 0.640284 0.681250 0.535007 0.499666
VERTEX_POSE A10 -0.935871 0.636504 0.815825 -0.515116 -0.229866 0.825722 -0.747232 -0.351493 -0.564001 -0.419880 0.907532 -0.009296
VERTEX_POSE A11 0.260887 0.814956 0.516874 -0.367113 -0.385909 -0.846346 0.926054 -0.066070 -0.371562 -0.087471 0.920168 -0.381627
VERTEX_POSE A12 -0.610174 0.577378 -0.458540 0.005350 0.413810 -0.910347 -0.854894 -0.470386 -0.218844 0.518774 -0.779422 -0.351248
VERTEX_POSE A13 0.357822 0.728028 -0.391296 -0.473137 -0.567725 0.673669 0.704773 -0.702737 -0.097240 0.528618 0.428776 0.732608
VERTEX_POSE A14 -0.067272 -0.660033 0.478217 -0.461866 0.735679 0.495436 0.631999 0.664887 -0.398123 -0.622299 0.129236 -0.772037
VERTEX_POSE A15 0.748005 -0.436245 0.631555 -0.599254 -0.752394 0.273492 -0.800361 0.570668 -0.183741 0.017828 0.328999 0.944162
VERTEX_POSE A16 0.271151 0.754119 0.030183 -0.086586 0.554658 -0.827561 -0.775550 0.483871 0.405451 -0.625320 -0.676922 -0.388269
VERTEX_POSE A17 0.667888 0.651739 0.756997 0.089396 0.005861 -0.995979 0.662330 0.746487 0.063841 -0.743860 0.665374 -0.062851
VERTEX_POSE A18 -0.799656 0.547223 -0.895735 0.984253 -0.136254 0.112611 0.175386 0.673298 -0.718269 -0.022046 -0.726708 -0.686592
VERTEX_POSE A19 -0.427511 -0.336737 0.472778 -0.465424 -0.755167 -0.461631 0.790181 -0.119554 -0.601099 -0.398740 0.644539 -0.652362
VERTEX_POSE A20 0.299794 -0.218928 -0.645827 0.553946 -0.576054 -0.601087 0.708314 0.705511 -0.023365 0.437533 -0.412815 0.798842
VERTEX_POSE A21 -0.188721 -0.998901 -0.053196 0.597666 -0.657773 -0.458400 -0.795318 -0.414159 -0.442653 -0.101315 -0.629132 0.770667
VERTEX_POSE A22 -0.288624 -0.869305 -0.893540 0.721126 0.624073 -0.300849 -0.472122 0.124867 -0.872645 0.507028 -0.771325 -0.384683
VERTEX_POSE A23 -0.066564 0.031514 -0.095437 0.718855 0.014554 -0.695008 -0.678070 -0.205645 -0.705642 -0.153195 0.978518 -0.137960
VERTEX_POSE A24 -0.186347 0.951095 0.619401 0.239737 -0.064372 0.968701 0.743038 -0.630023 -0.225756 0.624837 0.773904 -0.103209
VERTEX_POSE A25 0.832478 -0.471651 0.268870 -0.460488 0.271135 0.845243 -0.738040 -0.646009 -0.194859 -0.493201 0.713554 -0.497588
VERTEX_POSE A26 -0.961565 0.473799 -0.283642 -0.375932 0.697955 0.609536 -0.112021 0.618733 -0.777574 -0.919851 -0.360596 -0.154416
VERTEX_POSE A27 0.111223 -0.959350 0.068083 0.527780 -0.276242 -0.803205 -0.592650 0.557638 -0.581211 -0.608452 -0.782771 -0.130596
VERTEX_POSE A28 0.061080 -0.727086 -0.171762 0.502251 -0.832138 -0.235137 0.650941 0.184836 0.736282 0.569227 0.522859 -0.634507
VERTEX_POSE A29 0.509997 0.354385 -0.974185 -0.845072 -0.008032 0.534591 -0.527087 -0.155093 -0.835539 -0.089622 0.987867 -0.126831
VERTEX_POSE A30 -0.182309 -0.705567 -0.892456 -0.874958 -0.052619 0.481332 0.291583 -0.850879 0.437017 0.386560 0.522720 0.759826
VERTEX_POSE A31 -0.569643 0.979851 0.442387 -0.620519 0.357073 -0.698180 0.680147 -0.198093 -0.705804 -0.390328 -0.912829 -0.119942
VERTEX_POSE A32 -0.343258 -0.270468 -0.201277 0.709167 0.086210 0.699750 -0.451470 -0.706795 0.544624 -0.541532 0.702145 0.462314
VERTEX_POSE A33 -0.087097 -0.884917 0.825842 0.727764 -0.141005 -0.671176 -0.676931 -0.304806 -0.669968 0.110110 -0.941919 0.317278
VERTEX_POSE A34 -0.607804 0.910023 -0.131194 0.733887 -0.353152 -0.580253 -0.019647 -0.864907 0.501548 0.678988 0.356679 0.641682
VERTEX_POSE A35 0.931153 0.887895 0.303660 0.651700 -0.093558 0.752685 -0.758398 -0.066074 0.648434 -0.010934 -0.993419 -0.114014
VERTEX_POSE A36 -0.918905 0.546563 0.365432 0.720508 -0.517410 0.461687 -0.234402 0.444873 0.864375 -0.652628 -0.731010 0.199253
VERTEX_POSE A37 -0.012488 0.182611 0.765896 0.027069 0.070110 -0.997172 0.538173 0.839611 0.073641 0.842399 -0.538645 -0.015004
VERTEX_POSE A38 -0.155577 0.730833 -0.026325 -0.493395 -0.296144 -0.817839 0.635687 0.519000 -0.571438 -0.593687 0.801834 0.067817
VERTEX_POSE A39 -0.038723 0.636278 -0.270628 0.863736 -0.375349 -0.336264 0.393316 0.919267 -0.015835 -0.315060 0.118581 -0.941635
VERTEX_POSE A40 0.301540 -0.789264 -0.714156 0.843548 0.536506 0.024238 0.427136 -0.697576 0.575276 0.325547 -0.474920 -0.817600
VERTEX_POSE A41 -0.091448 0.367337 -0.210500 -0.051547 0.910122 0.411122 0.233880 0.411223 -0.881020 -0.970898 0.050739 -0.234057
VERTEX_POSE A42 -0.777836 0.451234 -0.753755 0.103422 0.294971 -0.949892 0.591070 -0.786321 -0.179823 -0.799963 -0.542855 -0.255672
VERTEX_POSE A43 0.691366 0.788114 -0.172696 0.017426 -0.808864 0.587737 -0.547501 0.484144 0.682529 -0.836623 -0.333681 -0.434417
VERTEX_POSE A44 -0.733626 0.095365 0.398204 -0.212517 -0.739847 -0.638328 -0.269956 0.672279 -0.689322 0.939127 0.025828 -0.342597
VERTEX_POSE A45 0.154892 0.791200 0.724462 0.270843 0.655692 0.704778 0.820766 0.225252 -0.524981 -0.502979 0.720645 -0.477162
VERTEX_POSE A46 0.439371 -0.648131 -0.541142 0.543571 -0.667243 0.509231 0.540605 -0.185793 -0.820504 -0.642088 -0.721295 -0.259723
VERTEX_POSE A47 0.537525 -0.150516 -0.571613 0.503567 0.860663 0.075361 -0.000027 -0.087212 0.996190 0.863956 -0.501650 -0.043894
VERTEX_POSE A48 -0.177220 0.442939 0.481460 0.274440 -0.472673 0.837415 -0.945588 -0.290933 0.145675 0.174775 -0.831828 -0.526797
VERTEX_POSE A49 0.639714 0.899093 -0.436877 0.429268 -0.671537 -0.603960 -0.738613 -0.645865 0.193157 -0.519788 0.363176 -0.773255
VERTEX_POSE A50 -0.889985 0.512747 0.901165 0.911202 0.133648 0.389679 -0.121108 0.991019 -0.056699 0.393757 -0.004471 -0.919204
VERTEX_POSE A51 -0.877426 -0.775988 0.835633 -0.014280 -0.748034 0.663507 -0.998212 -0.027853 -0.052885 -0.058041 0.663076 0.746299
VERTEX_POSE A52 -0.549007 0.900192 0.509928 0.864847 0.502026 0.003106 -0.373707 0.647895 -0.663758 -0.335236 0.572889 0.747941
VERTEX_POSE A53 -0.178610 0.643442 -0.992375 -0.995531 -0.083080 -0.044892 -0.012875 0.590357 -0.807040 0.093551 -0.802855 -0.588788
VERTEX_POSE A54 0.056010 0.255526 -0.259804 0.712248 -0.255909 0.653616 0.571020 -0.330290 -0.751561 0.408214 0.908526 -0.089119
VERTEX_POSE A55 0.264647 0.851287 0.129328 0.560497 -0.457256 0.690478 0.209976 -0.728044 -0.652581 -0.801095 -0.510753 0.312054
VERTEX_POSE A56 -0.346132 -0.828209 0.276495 0.463584 -0.883612 -0.065722 0.882313 0.453548 0.125773 -0.081327 -0.116294 0.989880
VERTEX_POSE A57 0.094445 -0.270675 0.456554 -0.337241 -0.476286 -0.812047 -0.905816 -0.070804 0.417712 0.256447 -0.876435 0.407549
VERTEX_POSE A58 -0.624130 0.891937 -0.802589 -0.024466 -0.834504 -0.550459 0.806450 0.308929 -0.504184 -0.590796 0.456253 -0.665427
VERTEX_POSE A59 0.714948 -0.555295 -0.895266 -0.441519 0.824479 -0.353971 0.646077 0.018384 -0.763051 0.622612 0.565594 0.540794
VERTEX_POSE A60 -0.395558 -0.916290 0.482369 0.490152 0.340572 0.802348 -0.519386 -0.625119 0.582635 0.699992 -0.702308 -0.129515
VERTEX_POSE A61 0.193561 -0.813630 -0.695045 0.512903 -0.766014 -0.387495 -0.081183 0.406086 -0.910222 -0.854599 -0.498313 -0.146095
VERTEX_POSE A62 -0.854695 -0.575444 0.547121 -0.033885 0.968649 -0.246111 0.644534 0.209381 0.735347 0.763825 -0.133710 -0.631422
VERTEX_POSE A63 0.261184 -0.186758 -0.718908 0.745289 0.499566 0.441563 -0.662479 0.480087 0.575011 -0.075267 0.721075 -0.688756
VERTEX_POSE A64 -0.893536 -0.698547 -0.869204 -0.094651 0.962143 -0.255583 -0.343051 -0.272534 -0.898911 0.934536 -0.002595 -0.355860
VERTEX_POSE A65 -0.462498 -0.665421 -0.584074 -0.197870 0.009542 -0.980182 0.382639 0.921372 -0.068274 0.902460 -0.388565 -0.185963
VERTEX_POSE A66 0.192337 -0.298863 0.584752 -0.429404 -0.525818 -0.734253 0.418691 0.604465 -0.677731 -0.800194 0.598445 0.039404
VERTEX_POSE A67 -0.812440 0.848016 0.496228 -0.198570 0.127713 0.971730 -0.290015 0.939415 -0.182730 0.936195 0.318101 0.149501
VERTEX_POSE A68 0.525014 0.517191 -0.818178 0.041980 0.376518 0.925458 0.224708 0.898985 -0.375941 0.973521 -0.223740 0.046867
VERTEX_POSE A69 -0.963240 -0.568030 -0.441573 0.138695 -0.982481 0.124481 0.671105 0.185676 0.717734 0.728273 0.016006 -0.685100
VERTEX_POSE A70 0.148837 0.484294 -0.774400 0.553710 0.668740 -0.496177 0.371232 0.335126 0.865955 0.745380 -0.663685 -0.062696
VERTEX_POSE A71 -0.173447 0.727927 -0.532334 0.900163 0.434332 0.032601 0.427793 -0.867578 -0.253577 0.081853 -0.242207 0.966766
VERTEX_POSE A72 -0.054689 0.799307 0.347927 -0.177037 0.800567 -0.572494 0.964135 0.257937 0.062547 0.197741 -0.540889 -0.817519
VERTEX_POSE A73 0.371001 -0.064473 -0.528154 0.462219 0.127799 -0.877509 0.798902 -0.489476 0.349527 0.384850 0.862601 0.328344
VERTEX_POSE A74 -0.482081 0.516041 0.294970 -0.580197 -0.557615 -0.593665 0.659915 -0.749050 0.058620 -0.477372 -0.357757 0.802575
VERTEX_POSE A75 0.211685 -0.105327 -0.253870 -0.753700 -0.055145 0.654901 -0.623530 0.374940 -0.686025 -0.207718 -0.925408 -0.316976
VERTEX_POSE A76 -0.474107 -0.273272 -0.803692 -0.579690 0.672895 -0.459534 0.303079 -0.345439 -0.888153 -0.756374 -0.654129 -0.003693
VERTEX_POSE A77 0.957290 0.867910 0.753828 -0.643523 0.668130 0.373471 -0.438782 0.077789 -0.895220 -0.627176 -0.739967 0.243105
VERTEX_POSE A78 -0.250789 0.744157 0.174517 0.734558 -0.476192 -0.483391 -0.569942 -0.046396 -0.820374 0.368228 0.878117 -0.305482
VERTEX_POSE A79 0.348673 -0.830333 0.677767 0.571947 -0.778086 0.259728 -0.819655 -0.554556 0.143640 -0.032269 0.295042 0.954939
VERTEX_POSE A80 0.597004 0.767003 -0.683049 -0.493673 0.582539 -0.645705 0.447496 -0.466483 -0.762982 0.745677 0.665614 0.030393
VERTEX_POSE A81 -0.140775 0.256904 0.075681 0.797315 0.236662 0.555229 0.563765 -0.620533 -0.545075 -0.215540 -0.747616 0.628183
VERTEX_POSE A82 0.471246 -0.606321 0.513400 -0.524290 -0.266127 0.808886 -0.713254 -0.381668 -0.587875 -0.465176 0.885159 -0.010289
VERTEX_POSE A83 -0.952002 0.667196 0.826878 -0.458478 -0.272634 -0.845854 -0.524600 -0.685240 0.505214 -0.717352 0.675364 0.171144
VERTEX_POSE A84 0.680616 -0.099653 0.083306 0.637923 0.656999 0.401754 -0.620788 0.747431 -0.236578 0.455715 0.098485 -0.884661
VERTEX_POSE A85 -0.472744 0.649204 -0.746404 0.300073 0.491912 -0.817300 0.124966 -0.869671 -0.477552 0.945695 -0.041166 0.322437
VERTEX_POSE A86 0.312645 0.518483 -0.043793 0.444552 0.765636 0.464946 0.235317 -0.600646 0.764101 -0.864291 0.230273 0.447185
VERTEX_POSE A87 -0.665516 0.072138 -0.640199 0.625954 -0.696010 0.351784 0.720986 0.344540 -0.601225 -0.297255 -0.629970 -0.717480
VERTEX_POSE A88 0.621701 -0.621471 0.710151 -0.503811 -0.199496 -0.840462 0.335950 0.851116 -0.403409 0.795809 -0.485595 -0.361780
VERTEX_POSE A89 0.688514 0.410420 0.153618 0.697866 -0.663011 -0.270925 0.710902 0.687254 0.149333 -0.087185 0.296815 -0.950947
VERTEX_POSE A90 -0.950568 0.516842 -0.535465 0.662960 -0.477793 -0.576366 -0.589476 0.141456 -0.795304 -0.461521 -0.867009 0.187868
VERTEX_POSE A91 -0.773857 -0.537761 0.192520 -0.798379 0.310841 -0.515721 -0.539040 -0.750657 0.382035 0.268378 -0.583003 -0.766864
VERTEX_POSE A92 -0.117925 0.596791 0.458573 0.703709 -0.044670 0.709083 -0.149100 -0.985083 0.085912 0.694667 -0.166181 -0.699872
VERTEX_POSE A93 -0.805263 0.941398 -0.988344 -0.236211 0.848649 -0.473286 0.592340 0.511865 0.622195 0.770284 -0.133377 -0.623597
VERTEX_POSE A94 0.487327 0.275481 0.473612 -0.512815 -0.271561 0.814417 -0.682812 0.704037 -0.195192 -0.520374 -0.656191 -0.546466
VERTEX_POSE A95 -0.011460 0.898244 0.589369 0.873006 0.201626 0.444081 0.392052 -0.831728 -0.393094 -0.290097 -0.517277 0.805151
VERTEX_POSE A96 -0.267761 -0.724023 -0.572418 -0.755233 0.452763 0.473950 -0.604947 -0.203138 -0.769918 -0.252313 -0.868182 0.427314
VERTEX_POSE A97 -0.320335 0.976618 0.058364 0.994214 0.007734 0.107142 -0.038811 -0.904171 0.425405 0.100165 -0.427101 -0.898639
VERTEX_POSE A98 0.176099 0.746260 0.085597 0.663366 0.486985 0.568147 -0.681528 0.706693 0.190010 0.308973 0.513255 -0.800691
VERTEX_POSE A99 -0.742747 0.793168 -0.390596 -0.782517 0.100296 -0.614498 -0.447373 0.595850 0.666948 0.433041 0.796808 -0.421393
VERTEX_POSE A100 -0.283576 -0.591412 0.616791 -0.808594 -0.203656 0.551996 -0.335187 0.930503 -0.147697 0.483554 0.304449 0.820662
VERTEX_POSE A101 -0.675064 0.230554 0.311197 0.222218 0.457731 0.860873 0.880710 -0.473039 0.024179 -0.418293 -0.752806 0.508246
VERTEX_POSE A102 0.083806 0.521095 0.077070 0.699449 -0.450425 -0.554877 -0.564044 0.128881 -0.815625 0.438891 0.883463 -0.163914
VERTEX_POSE A103 0.661736 -0.792104 -0.035282 0.355878 0.916031 0.185034 0.730942 -0.396209 0.555647 0.582302 -0.062493 -0.810567
VERTEX_POSE A104 0.695937 -0.833919 0.783043 0.564965 0.544630 0.619832 -0.248223 -0.604223 0.757165 0.786892 -0.581629 -0.206175
VERTEX_POSE A105 0.601725 0.037136 -0.627961 0.199686 0.068593 -0.977456 -0.657342 -0.730394 -0.185545 -0.726655 0.679573 -0.100760
VERTEX_POSE A106 -0.126579 0.102569 0.710848 0.464247 0.053482 0.884090 0.575430 -0.777029 -0.255160 -0.673317 -0.627189 0.391508
VERTEX_POSE A107 -0.778171 -0.107191 0.979351 0.406692 0.297662 0.863713 0.532822 -0.845262 0.040416 0.742093 0.443769 -0.502362
VERTEX_POSE A108 0.559015 -0.094953 -0.874133 -0.713150 -0.560715 0.420731 -0.124673 -0.489161 -0.863237 0.689836 -0.668072 0.278940
VERTEX_POSE A109 0.622632 -0.153274 -0.114635 -0.053425 -0.517856 0.853798 0.415666 0.765889 0.490546 -0.907947 0.381102 0.174338
VERTEX_POSE A110 0.570502 0.062476 0.657118 -0.440366 0.856577 -0.268986 -0.874642 -0.341658 0.343907 0.202682 0.386711 0.899653
VERTEX_POSE A111 0.156020 -0.327950 -0.557182 0.911018 0.301684 0.281128 -0.049191 -0.597369 0.800457 -0.409422 0.743059 0.529373
VERTEX_POSE A112 -0.518143 -0.896370 0.961046 0.333095 -0.401753 0.853020 -0.507043 -0.839062 -0.197185 -0.794956 0.366836 0.483193
VERTEX_POSE A113 0.041748 0.456154 0.170518 -0.744293 -0.654554 0.132616 0.635002 -0.632079 0.444126 0.206880 -0.414772 -0.886095
VERTEX_POSE A114 0.204017 -0.660755 -0.730304 -0.796484 0.236829 0.556350 0.604656 0.308742 0.734214 -0.002114 -0.921190 0.389108
VERTEX_POSE A115 -0.837527 0.003976 0.044353 -0.658050 0.610240 -0.441110 -0.405061 0.206943 0.890562 -0.634741 -0.764710 -0.111006
VERTEX_POSE A116 0.569005 0.105358 0.424114 -0.637314 -0.573504 -0.514707 0.755456 -0.333199 -0.564150 0.152042 -0.748379 0.645609
VERTEX_POSE A117 -0.483338 0.857728 0.225903 0.089094 0.168991 0.981583 -0.572827 0.814906 -0.088302 -0.814820 -0.554410 0.169406
VERTEX_POSE A118 -0.503043 -0.923886 0.404154 0.801768 0.001150 -0.597634 -0.499893 0.549328 -0.669586 -0.327527 -0.835606 -0.441008
VERTEX_POSE A119 0.190706 0.483888 0.134265 -0.427246 0.902251 -0.058345 0.144687 0.004530 -0.989467 -0.892483 -0.431188 -0.132479
VERTEX_POSE A120 -0.794823 0.268149 -0.620479 -0.194815 -0.445241 0.873961 -0.717518 -0.542818 -0.436482 -0.668742 0.712115 0.213719
VERTEX_POSE A121 -0.453611 0.592957 0.868689 0.360271 -0.742805 -0.564310 0.751880 -0.126841 0.646983 -0.552160 -0.657383 0.512803
VERTEX_POSE A122 0.416849 0.946127 -0.673215 -0.993623 -0.012161 0.112094 0.074225 -0.818907 0.569106 -0.084874 -0.573797 -0.814588
VERTEX_POSE A123 0.087252 -0.135060 0.838094 -0.791306 0.141426 0.594839 -0.583355 0.116739 -0.803784 0.183117 0.983042 0.009875
VERTEX_POSE A124 -0.258874 0.534355 0.880345 0.637338 -0.745804 -0.193848 -0.265321 -0.448564 0.853461 0.723467 0.492511 0.483765
VERTEX_POSE A125 -0.095824 0.221608 0.800397 -0.675668 -0.623104 -0.393972 -0.205831 0.672610 -0.710794 -0.707889 0.399169 0.582715
VERTEX_POSE A126 -0.924208 -0.236817 0.427463 0.488076 0.550066 -0.677649 -0.819247 0.020947 -0.573058 0.301025 -0.834858 -0.460864
VERTEX_POSE A127 0.473365 0.810332 -0.692074 -0.760031 0.015927 0.649692 -0.580366 0.433238 -0.689551 -0.292453 -0.901139 -0.320031
VERTEX_POSE A128 0.583841 0.198227 -0.141239 0.970177 0.128252 0.205689 0.109490 0.525198 -0.843907 0.216260 -0.841260 -0.495493
VERTEX_POSE A129 0.251891 -0.490557 -0.486940 0.110356 0.985256 -0.130738 0.118841 -0.143678 -0.982463 -0.986762 0.092884 -0.132944
VERTEX_POSE A130 0.730617 0.603500 -0.082670 0.040597 -0.561923 0.826193 0.779203 -0.499795 -0.378216 -0.625456 -0.659126 -0.417562
VERTEX_POSE A131 -0.699735 0.606815 -0.524448 -0.262775 0.686319 0.678171 -0.662518 -0.639326 0.390298 0.701441 -0.346740 0.622697
VERTEX_POSE A132 0.576827 0.739997 0.824258 -0.394215 -0.771860 0.498826 0.486512 0.285213 0.825809 -0.779680 0.568231 0.263084
VERTEX_POSE A133 -0.185577 0.124596 0.994400 -0.833368 -0.395062 -0.386553 -0.490808 0.850553 0.188855 -0.254174 -0.347109 0.902724
VERTEX_POSE A134 0.962001 0.814711 0.440270 0.702562 0.709176 -0.058958 0.047330 0.036101 0.998227 0.710047 -0.704106 -0.008202
VERTEX_POSE A135 0.272764 0.906078 0.607301 -0.515869 -0.767361 0.380837 -0.854416 0.493085 -0.163830 -0.062068 -0.409908 -0.910013
VERTEX_POSE A136 -0.583851 -0.838268 -0.633561 -0.589050 0.566274 -0.576501 -0.786688 -0.238718 0.569329 -0.184775 -0.788890 -0.586098
VERTEX_POSE A137 -0.164578 -0.082721 0.151118 0.292233 0.898407 0.327818 0.791696 -0.034973 -0.609913 0.536485 -0.437769 0.721486
VERTEX_POSE A138 0.494593 -0.201114 0.586651 -0.167176 0.782406 -0.599911 -0.976620 -0.214822 -0.008018 0.135147 -0.584545 -0.800026
VERTEX_POSE A139 0.975164 0.066778 -0.507694 -0.671327 -0.531216 -0.516846 -0.740960 0.497303 0.451297 -0.017292 -0.685929 0.727463
VERTEX_POSE A140 -0.541946 0.764005 -0.963517 0.547730 0.830960 0.097461 -0.626598 0.484610 -0.610350 -0.554407 0.273238 0.786113
VERTEX_POSE A141 0.065095 0.861362 0.243769 -0.745908 -0.039922 -0.664852 0.393424 0.779045 -0.488167 0.537438 -0.625696 -0.565389
VERTEX_POSE A142 0.131184 0.738828 -0.064876 -0.584533 0.808712 0.065617 -0.810468 -0.578158 -0.094211 0.038253 0.108250 -0.993388
VERTEX_POSE A143 -0.060089 0.867635 0.997530 0.578859 0.805451 0.127166 -0.166668 0.269526 -0.948461 -0.798213 0.527831 0.290260
VERTEX_POSE A144 -0.893156 0.317516 -0.585713 -0.531575 0.593595 0.604213 0.353892 -0.492450 0.795144 0.769537 0.636505 0.051706
VERTEX_POSE A145 -0.664799 -0.921927 0.204820 0.702480 -0.239983 0.670022 0.102443 -0.897535 -0.428877 -0.704292 -0.369917 0.605916
VERTEX_POSE A146 0.102384 -0.128389 0.041882 -0.630571 0.757733 -0.167992 -0.734856 -0.513239 0.443365 0.249732 0.403023 0.880458
VERTEX_POSE A147 0.675848 -0.577126 0.838402 0.207391 -0.572978 0.792897 -0.332023 -0.803635 -0.493893 0.920190 -0.160831 -0.356909
VERTEX_POSE A148 -0.148137 0.935802 -0.569276 -0.039718 -0.835396 0.548212 0.354503 -0.524736 -0.773938 0.934211 0.163603 0.316992
VERTEX_POSE A149 0.599340 -0.052274 -0.553964 -0.016117 -0.889064 0.457499 0.550544 -0.389842 -0.738190 0.834650 0.239976 0.495752
VERTEX_POSE A150 -0.133446 0.906762 -0.027333 0.625199 0.725408 0.287939 -0.779202 0.601136 0.177426 0.044384 0.335290 -0.941069
VERTEX_POSE A151 0.057040 0.203951 -0.189755 -0.857716 0.100231 0.504259 -0.412951 -0.718573 -0.559576 -0.306260 0.688191 -0.657722
VERTEX_POSE A152 -0.854271 -0.459318 -0.685275 -0.308703 0.296238 0.903851 0.822851 -0.393469 0.409998 0.477094 0.870302 -0.122295
VERTEX_POSE A153 -0.716597 0.852889 0.299451 0.654745 -0.128322 0.744877 0.753346 0.030636 -0.656911 0.061476 0.991259 0.116729
VERTEX_POSE A154 -0.855708 -0.931109 -0.351662 0.171031 0.816297 0.551731 -0.985225 0.136605 0.103299 -0.008953 0.561247 -0.827600
VERTEX_POSE A155 -0.113145 -0.924963 -0.804930 -0.713401 -0.259541 0.650921 0.642666 0.127979 0.755382 0.279357 -0.957215 -0.075498
VERTEX_POSE A156 0.187580 0.074498 0.099848 0.223504 0.970001 0.095621 -0.503019 0.198818 -0.841096 0.834876 -0.139889 -0.532366
VERTEX_POSE A157 -0.779916 -0.167926 -0.924199 -0.134640 -0.883973 -0.447732 0.798197 0.170989 -0.577620 0.587157 -0.435149 0.682562
VERTEX_POSE A158 -0.639781 0.885369 -0.497004 -0.736237 0.513714 -0.440515 -0.333370 -0.841809 -0.424525 -0.588914 -0.165697 0.791028
VERTEX_POSE A159 -0.228579 -0.727276 0.958609 -0.151601 -0.880765 0.448630 -0.951170 0.253455 0.176172 -0.268874 -0.400016 -0.876182
VERTEX_POSE A160 0.471975 0.341517 -0.411138 -0.424731 0.873969 0.236183 -0.900618 -0.434447 -0.011971 -0.092147 0.217795 -0.971635
VERTEX_POSE A161 -0.909163 0.488870 0.420326 0.018016 0.757700 0.652354 0.998669 -0.045174 0.024889 -0.048328 -0.651038 0.757505
VERTEX_POSE A162 0.071686 0.879539 -0.565839 0.424340 -0.524289 0.738279 -0.750091 -0.660256 -0.037751 0.507246 -0.537758 -0.673438
VERTEX_POSE A163 0.048802 0.081514 -0.586880 0.810738 -0.552490 0.193541 0.401406 0.284003 -0.870756 -0.426118 -0.783643 -0.452025
VERTEX_POSE A164 -0.094740 -0.386535 0.414726 0.261757 0.922965 -0.282168 -0.620400 0.384865 0.683361 -0.739315 0.003818 -0.673349
VERTEX_POSE A165 0.033687 0.694250 0.874431 0.325862 0.901150 -0.285907 0.571729 -0.428684 -0.699540 -0.752954 0.064493 -0.654906
VERTEX_POSE A166 -0.678434 -0.012409 -0.979580 -0.352444 -0.422273 -0.835146 -0.750327 -0.405820 0.521843 0.559279 -0.810553 0.173814
VERTEX_POSE A167 0.321408 -0.224803 0.781166 0.864935 0.398187 -0.305508 -0.050360 -0.536794 -0.842209 -0.499351 0.743841 -0.444239
VERTEX_POSE A168 0.869109 -0.388471 0.025549 -0.711813 0.654238 -0.255528 -0.164117 -0.508665 -0.845178 -0.682925 -0.559672 0.469446
VERTEX_POSE A169 0.816159 0.786477 0.607071 -0.718680 0.629593 -0.295146 0.290102 -0.114268 -0.950149 0.631934 0.768476 0.100524
VERTEX_POSE A170 0.296572 0.841975 -0.726528 0.206870 0.600579 -0.772340 -0.621965 0.690098 0.370034 -0.755225 -0.403819 -0.516300
VERTEX_POSE A171 -0.672837 -0.624465 0.062033 -0.724831 0.688879 -0.008062 0.666643 0.698386 -0.260468 0.173801 0.194170 0.965449
VERTEX_POSE A172 -0.118745 0.647839 -0.149159 0.991022 -0.022477 -0.131797 0.086327 0.860316 0.502399 -0.102094 0.509266 -0.854532
VERTEX_POSE A173 -0.572244 0.580803 0.208596 0.570641 0.287547 -0.769211 -0.779795 0.483413 -0.397783 -0.257465 -0.826818 -0.500083
VERTEX_POSE A174 0.267074 -0.756830 0.059562 0.879480 -0.062802 -0.471774 0.289216 0.857761 0.424971 0.377980 -0.510198 0.772547
VERTEX_POSE A175 -0.011902 -0.034646 0.265128 0.800271 0.593787 -0.083564 0.370655 -0.380300 0.847341 0.471360 -0.709076 -0.524434
VERTEX_POSE A176 -0.237043 0.658877 -0.586583 -0.080887 -0.950954 0.298571 0.110883 -0.306278 -0.945462 0.990536 -0.043369 0.130219
VERTEX_POSE A177 -0.630542 0.114781 -0.898556 0.657768 -0.748306 -0.085903 -0.433234 -0.282569 -0.855841 0.616158 0.600160 -0.510056
VERTEX_POSE A178 -0.336054 0.388228 0.103530 0.480952 -0.758075 -0.440462 0.182249 0.577852 -0.795533 0.857596 0.302339 0.416078
VERTEX_POSE A179 0.614820 0.594679 -0.155860 0.770088 0.210428 0.602233 0.637205 -0.298957 -0.710348 0.030565 0.930776 -0.364309
VERTEX_POSE A180 0.968798 -0.937493 -0.452519 0.048766 -0.722768 0.689368 -0.625894 0.515758 0.585022 0.778382 0.460001 0.427224
VERTEX_POSE A181 0.530501 0.294990 -0.923803 -0.194086 -0.266750 0.944021 0.951813 0.181725 0.247038 -0.237449 0.946478 0.218626
VERTEX_POSE A182 -0.328140 -0.201371 0.654385 0.101282 -0.826491 0.553764 -0.813579 -0.389162 -0.432021 -0.572566 0.406775 0.711830
VERTEX_POSE A183 -0.885473 -0.396811 -0.137794 -0.070349 0.625500 -0.777046 0.766115 -0.465000 -0.443670 -0.638842 -0.626519 -0.446492
VERTEX_POSE A184 0.813904 0.147879 0.375648 0.887878 0.019426 0.459668 -0.442395 0.310382 0.841397 0.126327 0.950413 -0.284175
VERTEX_POSE A185 -0.183848 -0.132480 -0.697277 -0.900209 -0.292442 -0.322648 0.398039 -0.853100 -0.337321 -0.176604 -0.432086 0.884371
VERTEX_POSE A186 0.001382 -0.321774 0.057276 -0.517936 0.822398 -0.235380 0.816443 0.557367 0.150873 0.255270 -0.114032 -0.960122
VERTEX_POSE A187 0.001484 -0.777623 -0.524504 0.993251 0.097282 0.063149 -0.114300 0.728671 0.675258 0.019675 -0.677919 0.734873
VERTEX_POSE A188 0.036235 0.699594 -0.621475 -0.230269 0.044622 0.972103 -0.933642 0.271539 -0.233622 0.274389 0.961392 0.020866
VERTEX_POSE A189 0.361601 -0.436405 0.560272 0.733253 -0.101061 -0.672403 0.480438 -0.622777 0.617518 -0.481165 -0.775845 -0.408100
VERTEX_POSE A190 0.772905 -0.504899 -0.565895 0.821770 0.137937 -0.552872 0.096339 0.922658 0.373391 0.561616 -0.360105 0.744924
VERTEX_POSE A191 -0.491790 0.041111 -0.032614 0.203373 -0.961598 -0.184307 0.527789 -0.050881 0.847850 -0.824669 -0.269705 0.497173
VERTEX_POSE A192 0.452437 -0.947535 -0.019402 -0.446279 0.891125 -0.082050 0.782159 0.432965 0.448073 -0.434813 -0.135789 0.890224
VERTEX_POSE A193 -0.155410 -0.625360 -0.131734 0.824657 -0.144803 -0.546784 -0.436395 0.452131 -0.777905 0.359861 0.880119 0.309662
VERTEX_POSE A194 0.557012 -0.877376 0.380506 -0.724453 -0.656789 -0.209273 -0.516725 0.316486 0.795507 0.456249 -0.684444 0.568659
VERTEX_POSE A195 -0.642303 -0.334070 -0.604676 0.280250 -0.897773 0.339799 -0.717885 0.038981 0.695069 -0.637260 -0.438729 -0.633574
VERTEX_POSE A196 0.878277 -0.931109 -0.257303 -0.813982 0.570974 0.106867 -0.506650 -0.607844 -0.611418 -0.284145 -0.551828 0.784059
VERTEX_POSE A197 0.878578 0.110215 0.400926 0.652685 0.133570 0.745762 0.171203 0.932873 -0.316918 -0.738032 0.334525 0.586005
VERTEX_POSE A198 0.679105 0.441127 -0.823510 -0.755709 0.428238 -0.495496 -0.073582 0.696278 0.713990 -0.650761 -0.576029 0.494673
VERTEX_POSE A199 0.747387 -0.319580 0.768247 0.540388 0.773274 0.331705 0.804982 -0.360370 -0.471315 0.244919 -0.521710 0.817211
VERTEX_POSE A200 0.694737 -0.103308 0.007997 0.429521 -0.712630 0.554680 0.553506 0.693074 0.461821 0.713542 -0.108657 -0.692135
VERTEX_POSE A201 -0.024322 0.283102 -0.550038 -0.345969 0.203123 0.915995 0.906585 0.323851 0.270600 0.241681 -0.924046 0.296191
VERTEX_POSE A202 -0.925450 0.055955 -0.169721 -0.196820 -0.904424 0.378523 0.624787 -0.413230 -0.662482 0.755581 0.106107 0.646404
VERTEX_POSE A203 -0.424008 -0.455469 0.858838 0.469273 -0.835883 -0.284748 -0.632429 -0.543181 0.552256 0.616292 0.079076 0.783538
VERTEX_POSE A204 0.403434 -0.136095 0.658558 0.792866 -0.463668 0.395444 0.585562 0.399965 -0.705085 0.168762 0.790595 0.588624
VERTEX_POSE A205 0.341624 0.299124 0.889842 -0.531012 0.300864 -0.792153 -0.736952 0.297449 0.606981 0.418244 0.906093 0.063774
VERTEX_POSE A206 0.564090 0.509885 0.123966 -0.569051 -0.571549 0.591196 -0.778088 0.606833 -0.162276 0.266008 0.552346 0.790034
VERTEX_POSE A207 -0.833609 -0.477218 -0.928026 0.788759 -0.065642 -0.611188 -0.393863 0.709402 -0.584483 -0.471944 -0.701741 -0.533693
VERTEX_POSE A208 0.711082 -0.586095 0.991286 0.198115 0.371391 0.907094 0.165953 0.899367 -0.404473 -0.966028 0.230667 0.116545
VERTEX_POSE A209 -0.771964 -0.101886 -0.772504 0.914248 -0.169480 0.368005 0.257869 0.943987 -0.205892 0.312498 -0.283134 -0.906742
VERTEX_POSE A210 0.781211 -0.882540 -0.083885 0.324077 -0.664395 0.673464 0.911065 0.410940 -0.033006 0.254824 -0.624265 -0.738483
VERTEX_POSE A211 0.679880 -0.523588 -0.461234 -0.680527 -0.731719 0.038339 0.127454 -0.066687 0.989600 0.721552 -0.678336 -0.138643
VERTEX_POSE A212 0.758537 -0.806896 -0.696307 -0.728324 -0.404122 -0.553380 -0.531742 -0.176044 0.828407 -0.432197 0.897604 -0.086672
VERTEX_POSE A213 -0.546929 -0.083911 -0.429501 -0.190156 -0.978509 0.079750 -0.680350 0.072777 -0.729265 -0.707789 0.192932 0.679567
VERTEX_POSE A214 0.794407 0.079600 0.400972 -0.465286 -0.804228 0.369765 -0.039055 -0.398678 -0.916259 0.884298 -0.440764 0.154090
VERTEX_POSE A215 0.572441 0.340983 0.679341 -0.540893 -0.375840 0.752448 0.501329 0.574265 0.647216 0.675355 -0.727299 0.122197
VERTEX_POSE A216 0.269222 0.783609 -0.126778 -0.126702 -0.340139 0.931800 -0.484641 0.840847 0.241039 -0.865488 -0.421048 -0.271383
VERTEX_POSE A217 -0.204212 0.757826 -0.541752 0.703364 -0.422818 -0.571405 -0.641705 -0.723475 -0.254556 0.305767 -0.545719 0.780191
VERTEX_POSE A218 -0.426075 0.563360 -0.845163 -0.578096 0.346865 0.738573 -0.333219 -0.926589 0.174349 -0.744829 0.145316 -0.651240
VERTEX_POSE A219 -0.694543 0.483203 0.251747 -0.835474 0.411406 -0.364319 0.444139 0.115112 -0.888532 -0.323610 -0.904154 -0.278894
VERTEX_POSE A220 -0.842611 -0.678579 -0.981481 0.159786 0.140468 -0.977107 -0.981935 -0.079004 -0.171933 -0.101347 0.986928 0.125306
VERTEX_POSE A221 -0.653170 -0.941539 -0.411058 0.155065 -0.956217 -0.248203 0.000018 0.251245 -0.967924 0.987904 0.150086 0.038977
VERTEX_POSE A222 -0.186333 -0.475686 -0.780867 0.635826 -0.237104 -0.734511 -0.573585 0.491618 -0.655219 -0.516454 -0.837910 -0.176584
VERTEX_POSE A223 0.609826 -0.626114 -0.000883 0.495155 0.867870 -0.040298 -0.662787 0.347344 -0.663375 0.561726 -0.355183 -0.747201
VERTEX_POSE A224 0.191420 -0.566898 0.457208 0.879874 -0.473678 -0.038100 0.248840 0.527562 -0.812254 -0.404847 -0.705200 -0.582058
VERTEX_POSE A225 -0.629321 -0.353062 0.599639 0.626379 -0.675536 0.388973 0.585399 0.078149 -0.806970 0.514740 0.733174 0.444409
VERTEX_POSE A226 0.967523 0.039816 0.394442 0.959729 0.276060 -0.052062 -0.237133 0.696720 -0.677015 -0.150624 0.662096 0.734126
VERTEX_POSE A227 0.069698 -0.498008 -0.800095 0.618705 0.295030 0.728122 -0.474069 0.879256 0.046562 0.626468 0.373988 -0.683864
VERTEX_POSE A228 -0.750743 0.757153 0.000565 -0.956029 0.001384 0.293268 0.201197 -0.724458 0.659303 0.213373 0.689317 0.692325
VERTEX_POSE A229 0.646629 -0.519057 0.570932 -0.790776 0.578582 0.199790 0.606274 0.695399 0.385814 -0.084291 -0.426220 0.900684
VERTEX_POSE A230 -0.182916 0.182412 0.968152 -0.242447 -0.485044 -0.840209 0.627517 0.582086 -0.517106 0.739893 -0.652616 0.163248
VERTEX_POSE A231 0.943995 -0.346155 -0.991437 0.733787 0.558527 -0.386787 0.376209 0.140009 0.915895 0.565706 -0.817585 -0.107386
VERTEX_POSE A232 -0.377693 0.764044 -0.979106 -0.413107 0.764993 -0.494093 -0.015327 0.536635 0.843675 0.910554 0.356100 -0.209963
VERTEX_POSE A233 -0.108366 -0.761633 -0.201569 -0.537097 -0.725768 -0.429869 0.682929 -0.673262 0.283419 -0.495111 -0.141347 0.857255
VERTEX_POSE A234 -0.480013 0.198376 0.867401 0.347012 -0.900471 0.262173 0.930182 0.294751 -0.218822 0.119767 0.319802 0.939884
VERTEX_POSE A235 -0.974260 -0.372051 0.679451 -0.543092 0.748345 0.380829 -0.265741 -0.583416 0.767468 0.796513 0.315604 0.515715
VERTEX_POSE A236 -0.766742 0.537491 -0.311727 0.878937 0.147195 -0.453657 0.439970 0.116946 0.890365 -0.184110 0.982170 -0.038027
VERTEX_POSE A237 -0.915923 -0.291738 -0.008633 -0.933909 -0.162451 0.318470 0.001099 0.889491 0.456952 -0.357508 0.427102 -0.830525
VERTEX_POSE A238 -0.807869 0.150731 0.751426 0.806242 -0.013974 -0.591421 -0.575790 0.210942 -0.789917 0.135794 0.977399 0.162024
VERTEX_POSE A239 0.944339 0.951396 -0.320441 0.500744 0.400919 -0.767150 0.018024 -0.890906 -0.453830 -0.865408 0.213425 -0.453342
VERTEX_POSE A240 -0.687887 0.606375 0.218863 -0.411779 0.747131 0.521760 -0.063965 -0.594839 0.801296 -0.909036 -0.296582 -0.292732
VERTEX_POSE A241 0.973342 0.268191 -0.332460 -0.468089 -0.010824 0.883615 -0.565157 0.772360 -0.289927 0.679331 0.635093 0.367651
VERTEX_POSE A242 0.624219 -0.572192 0.218325 0.792135 0.227246 -0.566465 -0.459012 -0.389914 -0.798295 -0.402282 0.892371 -0.204556
VERTEX_POSE A243 -0.929349 0.799479 0.522555 -0.619193 -0.665132 -0.417373 0.740584 -0.671346 -0.028825 -0.261029 -0.326947 0.908278
VERTEX_POSE A244 -0.573588 -0.815720 0.238040 -0.495071 0.514545 0.700105 0.293348 -0.659478 0.692124 0.817833 0.548025 0.175548
VERTEX_POSE A245 0.418626 0.507408 -0.380702 0.428370 0.860895 0.274517 -0.869213 0.309575 0.385527 -0.246915 0.403762 -0.880914
VERTEX_POSE A246 0.643092 0.140462 0.201896 -0.645204 0.755877 -0.111180 0.674798 0.632039 0.381017 -0.358272 -0.170810 0.917859
VERTEX_POSE A247 0.695635 0.967890 -0.888738 0.505531 -0.792540 0.341055 0.855981 0.411058 -0.313573 -0.108326 -0.450458 -0.886202
VERTEX_POSE A248 -0.785585 0.265234 0.077545 -0.623230 -0.262436 -0.736690 0.285212 0.800855 -0.526579 0.728175 -0.538293 -0.424267
VERTEX_POSE A249 -0.782983 -0.296178 0.356733 0.120850 0.990807 0.060805 0.979268 -0.129027 0.156161 -0.162571 -0.040673 0.985858
VERTEX_POSE A250 -0.998908 0.451093 0.363009 -0.146393 0.873205 -0.464846 0.614797 0.448447 0.648784 0.774980 -0.190808 -0.602493
VERTEX_POSE A251 -0.628196 0.586656 0.096065 -0.810020 -0.449861 0.376156 0.511078 -0.856104 0.076711 -0.287520 -0.254383 -0.923375
VERTEX_POSE A252 -0.436153 -0.237716 0.945675 0.153844 -0.887579 -0.434207 -0.758229 -0.387818 0.524105 -0.633578 0.248598 -0.732652
VERTEX_POSE A253 -0.185241 0.975406 0.582143 -0.820556 -0.517262 -0.243161 -0.306501 0.039126 0.951066 -0.482437 0.854932 -0.190647
VERTEX_POSE A254 0.981630 0.960542 -0.904818 0.673893 0.459539 -0.578526 0.074829 -0.821456 -0.565341 -0.735030 0.337688 -0.587960
VERTEX_POSE A255 0.755267 0.195386 0.402883 -0.436499 -0.228396 0.870232 0.060856 -0.972522 -0.224717 0.897644 -0.045130 0.438404
VERTEX_POSE A256 0.185439 -0.377656 0.181782 0.811531 0.422680 -0.403435 0.408636 -0.904069 -0.125201 0.417653 0.063253 0.906402
VERTEX_POSE A257 0.949154 0.000358 0.489624 -0.959100 0.206275 -0.193852 0.273441 0.852216 -0.446046 0.073196 -0.480810 -0.873764
VERTEX_POSE A258 -0.175035 0.697378 0.602789 0.630274 -0.288926 0.720608 -0.700012 0.189927 0.688411 -0.335763 -0.938323 -0.082546
VERTEX_POSE A259 0.434696 -0.620503 -0.817653 0.510359 -0.713519 0.480025 -0.453671 -0.697591 -0.554572 -0.730559 -0.065258 0.679725
VERTEX_POSE A260 0.595783 0.481300 0.060556 -0.616127 -0.231944 0.752722 -0.283356 -0.826405 -0.486585 -0.734913 0.513086 -0.443447
VERTEX_POSE A261 0.642049 -0.120210 0.570941 0.418827 0.592730 -0.687935 -0.886140 0.101311 -0.452208 -0.198342 0.799004 0.567673
VERTEX_POSE A262 0.378691 0.033343 -0.809090 -0.814256 -0.168364 -0.555554 -0.350234 -0.620736 0.701444 -0.462950 0.765729 0.446471
VERTEX_POSE A263 -0.781911 0.245344 0.081449 -0.294897 0.955389 0.016352 -0.047783 0.002347 -0.998855 -0.954334 -0.295341 0.044959
VERTEX_POSE A264 -0.466317 0.118157 -0.630628 0.751689 -0.213230 0.624097 -0.044681 -0.960583 -0.274380 0.658003 0.178363 -0.731587
VERTEX_POSE A265 0.898678 -0.768281 -0.941690 0.676766 0.523981 -0.517138 -0.246668 0.823232 0.511317 0.693645 -0.218481 0.686384
VERTEX_POSE A266 -0.756170 0.873294 -0.239099 0.425673 0.462328 -0.777853 0.874674 -0.430470 0.222802 -0.231835 -0.775209 -0.587625
VERTEX_POSE A267 -0.233060 -0.344352 0.057645 -0.448903 0.797852 0.402391 0.227421 -0.333476 0.914917 -0.864156 -0.502221 0.031750
VERTEX_POSE A268 0.982755 -0.060019 0.049677 -0.749803 0.497584 -0.436127 0.093770 -0.572575 -0.814472 -0.654983 -0.651589 0.382660
VERTEX_POSE A269 -0.564039 0.024025 -0.487673 -0.889420 0.201295 -0.410382 0.192654 0.979256 0.062793 0.414508 -0.023212 -0.909749
VERTEX_POSE A270 -0.288720 -0.392956 0.737204 0.527272 0.833185 0.166696 0.849587 -0.520110 -0.087679 0.013647 0.187853 -0.982102
VERTEX_POSE A271 -0.705132 -0.453644 -0.731460 -0.673914 -0.680710 0.287183 0.737978 -0.638658 0.217956 0.035047 0.358819 0.932749
VERTEX_POSE A272 -0.590697 -0.707784 0.179867 -0.115913 0.483984 -0.867366 -0.987276 -0.151849 0.047207 -0.108861 0.861801 0.495427
VERTEX_POSE A273 -0.664501 0.034852 -0.044471 0.494739 0.390102 0.776566 0.868902 -0.206029 -0.450068 0.015577 -0.897425 0.440891
VERTEX_POSE A274 -0.634481 -0.654165 0.791095 -0.534693 0.685669 -0.493925 -0.789222 -0.614105 0.001859 -0.302047 0.390810 0.869503
VERTEX_POSE A275 -0.164285 -0.523504 -0.582093 -0.987750 0.094509 0.124168 0.071286 0.981134 -0.179705 -0.138809 -0.168652 -0.975853
VERTEX_POSE A276 0.754125 -0.457740 0.574827 0.259053 -0.423461 -0.868085 0.929939 -0.133488 0.342629 0.260968 0.896025 -0.359213
VERTEX_POSE A277 -0.991389 0.486298 -0.007009 0.340447 0.572327 -0.746014 -0.297052 -0.687307 -0.662849 -0.892108 0.447270 -0.063981
VERTEX_POSE A278 -0.468651 -0.555614 -0.470831 -0.639952 0.129872 0.757360 0.246301 0.968280 0.042078 0.727871 -0.213467 0.651640
VERTEX_POSE A279 0.968540 0.807494 -0.347628 -0.653957 0.728717 -0.203253 -0.415110 -0.570243 -0.708876 0.632474 0.379202 -0.675413
VERTEX_POSE A280 -0.774372 -0.809880 -0.650275 -0.458091 -0.888314 -0.032411 0.808509 -0.431535 0.400114 -0.369414 0.157084 0.915892
VERTEX_POSE A281 -0.467558 0.895479 0.892178 -0.207922 0.361989 0.908698 0.327975 -0.849421 0.413420 -0.921521 -0.383989 -0.057890
VERTEX_POSE A282 -0.659656 0.394150 0.748437 0.749518 -0.518323 -0.411782 -0.472863 -0.854523 0.214920 -0.463275 0.033630 -0.885576
VERTEX_POSE A283 -0.210525 -0.047596 -0.704600 -0.076584 0.678647 -0.730461 -0.047654 -0.734266 -0.677187 -0.995924 -0.017052 0.088573
VERTEX_POSE A284 0.347201 0.870885 0.474321 -0.791268 -0.152330 -0.592191 -0.511201 -0.366601 0.777353 0.335512 -0.917823 -0.212209
VERTEX_POSE A285 -0.678026 0.354692 0.843620 0.441876 -0.867587 0.228119 0.478334 0.442995 0.758255 -0.758908 -0.225938 0.610746
VERTEX_POSE A286 -0.455257 -0.852211 0.698283 0.580357 0.168121 0.796819 -0.812336 0.188485 0.551890 -0.057404 -0.967579 0.245959
VERTEX_POSE A287 -0.467360 -0.506771 -0.343897 0.548748 -0.769430 -0.326886 0.348687 -0.144723 0.925998 -0.759798 -0.622120 0.188873
VERTEX_POSE A288 -0.728873 -0.644951 0.333244 -0.393531 -0.494428 -0.775032 0.853048 0.117878 -0.508345 0.342699 -0.861189 0.375382
VERTEX_POSE A289 0.369707 0.845167 0.301072 0.857134 0.104650 0.504350 -0.437375 0.665053 0.605316 0.272073 0.739428 -0.615811
VERTEX_POSE A290 0.967336 -0.127273 -0.161551 -0.260599 -0.730263 -0.631509 0.550189 0.425169 -0.718696 0.793335 -0.534741 0.290984
VERTEX_POSE A291 0.866910 0.836349 -0.606201 0.058215 0.480174 -0.875239 0.998106 -0.045462 0.041446 -0.019889 -0.875994 -0.481911
VERTEX_POSE A292 0.011756 -0.275043 -0.127987 0.669114 -0.407811 -0.621270 -0.211328 0.697060 -0.685162 -0.712479 -0.589743 -0.380231
VERTEX_POSE A293 0.346027 0.906070 0.029359 -0.477449 0.365246 -0.799148 0.877037 0.142862 -0.458690 -0.053367 -0.919883 -0.388544
VERTEX_POSE A294 -0.915001 0.081694 0.475249 0.275679 0.877159 -0.393183 -0.235352 0.458176 0.857137 -0.931993 0.143758 -0.332751
VERTEX_POSE A295 0.545439 0.843114 0.241385 0.880941 0.113615 -0.459386 -0.454606 -0.066457 -0.888210 -0.131443 0.991300 -0.006894
VERTEX_POSE A296 0.244705 -0.862211 0.087669 -0.333995 -0.566549 -0.753306 -0.912699 0.394009 0.108337 -0.235432 -0.723726 0.648686
VERTEX_POSE A297 -0.671171 -0.045012 -0.763850 -0.495146 -0.381088 -0.780770 0.788001 -0.575464 -0.218851 0.365904 0.723611 -0.585236
VERTEX_POSE A298 -0.687620 -0.501238 -0.700970 0.725474 -0.420925 -0.544527 0.210474 -0.617588 0.757816 -0.655277 -0.664385 -0.359450
VERTEX_POSE A299 0.227460 0.077770 -0.862654 0.023280 -0.518453 0.854789 -0.724259 0.580638 0.371898 0.689135 0.627747 0.361977
VERTEX_POSE A300 -0.235211 0.979012 -0.251524 -0.377937 0.159039 0.912069 0.050165 -0.980170 0.191701 0.924471 0.118205 0.362464
VERTEX_POSE A301 0.023659 0.105806 -0.963766 -0.394965 -0.812221 0.429301 -0.073767 -0.437746 -0.896067 0.915730 -0.385583 0.112979
VERTEX_POSE A302 0.522328 0.624126 -0.594114 -0.260975 -0.667480 0.697397 -0.408296 0.730955 0.546808 0.874749 0.142042 0.463290
VERTEX_POSE A303 0.174092 -0.728772 0.928343 0.524053 -0.791537 0.314384 0.731967 0.229864 -0.641394 -0.435421 -0.566244 -0.699840
VERTEX_POSE A304 0.359159 -0.859342 -0.008237 0.817633 0.472750 -0.328610 -0.262279 0.813940 0.518373 0.512529 -0.337652 0.789497
VERTEX_POSE A305 0.887847 0.969961 -0.803019 -0.692576 -0.573443 0.437608 0.635158 -0.197229 0.746777 -0.341925 0.795150 0.500823
