VERTEX_POSE A0 -0.985855 -0.264257 0.934140 -0.738186 -0.674012 0.028113 -0.651494 0.723098 0.229531 0.175035 -0.151121 0.972895
VERTEX_POSE A1 0.813756 0.966136 0.824545 -0.311803 0.801861 -0.509704 -0.949598 -0.281216 0.138495 -0.032283 0.527197 0.849130
VERTEX_POSE A2 0.771560 -0.461106 0.225085 0.821971 -0.450411 -0.348559 -0.105124 0.481508 -0.870114 0.559743 0.751851 0.348437
VERTEX_POSE A3 0.897706 0.035808 -0.219391 -0.284855 0.500204 0.817712 0.929908 0.351245 0.109078 0.232656 -0.791468 0.565198
VERTEX_POSE A4 0.139607 -0.433321 0.596185 -0.637449 0.770400 -0.011987 -0.749832 -0.623859 -0.220346 -0.177233 -0.131471 0.975348
VERTEX_POSE A5 -0.725121 -0.222501 0.933607 -0.678970 -0.621751 -0.390415 -0.015028 -0.519899 0.854095 0.734012 -0.585773 -0.343653
VERTEX_POSE A6 -0.966023 0.010765 0.930863 0.647053 -0.194452 -0.737232 -0.194466 -0.977041 0.087025 0.737228 -0.087056 0.670012
VERTEX_POSE A7 0.431569 0.375836 -0.521327 0.737393 0.656494 0.158956 -0.335439 0.151649 0.929776 0.586286 -0.738931 0.332039
VERTEX_POSE A8 -0.618526 0.929487 -0.035382 0.238383 -0.218717 -0.946222 0.878281 -0.367272 0.306160 -0.414484 -0.904032 0.104543
VERTEX_POSE A9 0.207034 0.513588 0.798975 0.471730 0.179982 0.863179 0.803831 -0.490122 -0.337101 0.362391 0.852870 -0.375880
VERTEX_POSE A10 -0.017208 -0.216376 0.484781 0.315570 -0.655473 -0.686127 -0.884383 0.058908 -0.463030 -0.343923 -0.752917 0.561100
VERTEX_POSE A11 0.924697 -0.748587 -0.518151 0.473798 -0.215020 0.853980 -0.879801 -0.073426 0.469636 0.038277 0.973845 0.223964
VERTEX_POSE A12 -0.289001 0.101678 -0.469432 0.408505 -0.357657 -0.839765 -0.013788 0.917509 -0.397476 -0.912652 -0.173950 -0.369875
VERTEX_POSE A13 0.244246 0.046355 -0.225750 -0.101517 -0.450107 0.887185 -0.227251 0.878705 0.419802 -0.968530 -0.158997 -0.191491
VERTEX_POSE A14 -0.849891 0.918157 0.096523 -0.813727 0.504411 0.288823 0.536815 0.842720 0.040661 0.222887 -0.188132 0.956519
VERTEX_POSE A15 -0.903093 0.973790 0.010407 0.079112 0.719920 0.689533 -0.584438 0.593851 -0.552968 0.807573 0.359243 -0.467729
VERTEX_POSE A16 -0.684525 -0.370401 -0.994490 -0.918746 0.389159 -0.066795 0.051785 -0.048945 -0.997458 0.391440 0.919869 -0.024816
VERTEX_POSE A17 0.483448 0.084870 0.188404 -0.977959 0.169161 -0.122399 0.043349 0.737924 0.673490 -0.204250 -0.653339 0.728992
VERTEX_POSE A18 -0.613457 0.630459 -0.098445 0.646873 -0.685054 0.335046 0.629638 0.727656 0.272165 -0.430246 0.034901 0.902037
VERTEX_POSE A19 -0.776027 -0.277186 0.341790 0.601258 -0.750830 -0.273392 -0.650612 -0.658644 0.378010 0.463889 0.049409 0.884514
VERTEX_POSE A20 -0.046458 -0.031341 0.152305 0.278229 -0.913409 0.297108 0.943998 0.202917 -0.260177 -0.177360 -0.352858 -0.918714
VERTEX_POSE A21 -0.489929 -0.227048 -0.980049 0.433077 0.709871 -0.555453 -0.827936 0.069679 -0.556477 -0.356323 0.700876 0.617904
VERTEX_POSE A22 0.839629 0.190921 0.749148 0.673896 0.624242 -0.395203 -0.550778 0.067930 -0.831883 -0.492450 0.778272 0.389597
VERTEX_POSE A23 -0.391950 -0.664783 0.604115 0.904119 0.358614 0.232302 0.025758 -0.588432 0.808136 -0.426503 0.724668 0.541250
VERTEX_POSE A24 0.283582 0.217567 -0.523826 0.543396 0.123374 -0.830361 0.009883 -0.990013 -0.140628 0.839418 -0.068210 0.539189
VERTEX_POSE A25 0.493870 -0.933653 -0.997665 -0.104230 0.022677 -0.994295 -0.814154 -0.576142 0.072206 0.571217 -0.817035 -0.078513
VERTEX_POSE A26 0.919445 -0.947179 0.199462 -0.272670 -0.702462 0.657418 -0.835562 -0.165846 -0.523767 -0.476957 0.692129 0.541729
VERTEX_POSE A27 0.864824 0.399088 -0.171228 0.131958 0.919701 -0.369781 -0.624701 -0.212480 -0.751399 0.769633 -0.330156 -0.546499
VERTEX_POSE A28 0.523658 0.185466 0.468849 0.898199 -0.371820 0.234496 -0.397649 -0.914640 0.072866 0.187386 -0.158695 -0.969382
VERTEX_POSE A29 -0.712385 0.890474 0.459212 -0.706243 -0.478820 0.521490 0.605340 -0.026435 0.795528 0.367129 -0.877515 -0.308518
VERTEX_POSE A30 0.544684 -0.981658 0.133382 -0.846596 -0.303032 0.437546 0.031509 -0.849185 -0.527154 -0.531302 0.432500 -0.728465
VERTEX_POSE A31 0.537803 0.921210 0.402990 0.390596 0.683883 0.616230 0.839059 -0.539863 0.067297 -0.378703 -0.490767 0.784686
VERTEX_POSE A32 -0.898629 0.856610 0.283756 0.629492 0.108123 -0.769448 0.758819 -0.298555 0.578843 -0.167136 -0.948248 -0.269983
VERTEX_POSE A33 0.316244 -0.442764 -0.641533 -0.447806 0.194026 -0.872825 -0.539807 0.719532 0.436900 0.712796 0.666804 -0.217475
VERTEX_POSE A34 0.435509 -0.042982 -0.816401 0.727930 -0.629113 -0.272645 0.676768 0.595446 0.432932 0.110018 0.499661 -0.859206
VERTEX_POSE A35 0.240978 -0.576712 -0.120059 -0.936770 -0.349368 -0.020100 -0.292276 0.812689 -0.504094 0.192449 -0.466346 -0.863415
VERTEX_POSE A36 0.591123 0.334735 -0.707926 -0.792024 0.471560 0.387724 -0.458217 -0.878854 0.132862 -0.403405 0.072432 -0.912150
VERTEX_POSE A37 0.469486 0.967783 -0.885539 -0.895193 -0.433083 0.105205 -0.142625 0.054740 -0.988262 0.422240 -0.899690 -0.110772
VERTEX_POSE A38 -0.327453 0.799124 0.358614 -0.467568 0.877244 -0.108730 -0.384617 -0.312648 -0.868517 0.795895 0.364272 -0.483587
VERTEX_POSE A39 0.972597 0.264222 0.256692 0.477329 0.119585 -0.870549 -0.677343 -0.581048 -0.451209 0.559789 -0.805036 0.196351
VERTEX_POSE A40 -0.323481 0.481371 0.913436 0.645857 -0.363421 -0.671412 0.712615 0.602532 0.359353 -0.273951 0.710549 -0.648129
VERTEX_POSE A41 0.655340 -0.417252 -0.156606 0.567836 -0.787434 -0.239813 -0.471902 -0.550123 0.688965 -0.674441 -0.278051 -0.683971
VERTEX_POSE A42 0.897294 0.515634 0.738541 -0.467407 -0.393384 0.791694 -0.628696 -0.481677 -0.610515 -0.621508 0.783094 0.022180
VERTEX_POSE A43 0.387518 -0.416951 -0.555996 0.875413 -0.028576 -0.482530 0.370950 -0.600311 0.708535 0.309915 0.799256 0.514920
VERTEX_POSE A44 -0.100414 0.629103 0.617644 0.599054 -0.800708 -0.000832 -0.380084 -0.285276 0.879860 -0.704749 -0.526768 -0.475231
VERTEX_POSE A45 -0.952597 0.433792 -0.164936 0.584261 -0.327889 0.742379 0.105384 0.937657 0.331200 -0.804694 -0.115272 0.582391
VERTEX_POSE A46 0.484425 -0.443161 0.454412 -0.899455 0.368738 -0.234551 -0.428696 -0.640261 0.637406 -0.084862 -0.673869 -0.733962
VERTEX_POSE A47 0.215061 -0.741298 0.623154 -0.496903 0.283781 -0.820095 -0.821026 0.152352 0.550187 -0.281076 -0.946709 -0.157287
VERTEX_POSE A48 0.530851 -0.481339 -0.976532 0.598310 -0.775892 0.200040 -0.509906 -0.561273 -0.651896 0.618078 0.288034 -0.731448
VERTEX_POSE A49 0.870968 -0.812703 -0.644033 0.394012 0.627324 0.671728 0.168425 -0.767755 0.618211 -0.903542 0.130447 0.408162
VERTEX_POSE A50 0.439034 -0.018484 -0.035055 -0.642764 0.083006 -0.761554 0.659401 -0.446057 -0.605164 0.389929 0.891147 -0.231975
VERTEX_POSE A51 -0.515608 0.487321 0.175773 0.818309 0.085063 0.568450 -0.573553 0.056294 0.817232 0.037516 -0.994784 0.094854
VERTEX_POSE A52 -0.618961 -0.039751 -0.624082 0.570275 0.440867 -0.693126 -0.459309 -0.528423 -0.714007 0.681045 -0.725538 0.098852
VERTEX_POSE A53 0.278664 -0.827563 -0.285907 -0.028712 0.183366 0.982625 -0.462336 -0.873996 0.149586 -0.886240 0.450008 -0.109871
VERTEX_POSE A54 0.092442 0.822537 -0.220112 0.808632 0.157044 0.566967 -0.524115 -0.245467 0.815506 0.267242 -0.956600 -0.116183
VERTEX_POSE A55 0.664621 -0.822183 -0.147908 0.483685 -0.870011 0.095553 -0.273618 -0.046605 0.960709 -0.831374 -0.490825 -0.260592
VERTEX_POSE A56 -0.227466 -0.761216 -0.283572 -0.623285 -0.058506 0.779803 -0.370563 -0.856030 -0.360411 0.688621 -0.513604 0.511871
VERTEX_POSE A57 0.011887 0.875358 0.979349 0.335022 0.848041 -0.410592 0.836753 -0.067463 0.543409 -0.433134 0.525618 0.732203
VERTEX_POSE A58 0.529445 0.576905 0.680865 0.999767 0.013986 -0.016439 0.012758 0.231382 0.972779 -0.017409 0.972763 -0.231149
VERTEX_POSE A59 -0.703808 0.424250 -0.814723 -0.843226 -0.517937 -0.143917 0.430354 -0.489989 -0.758094 0.322127 -0.701179 0.636067
VERTEX_POSE A60 0.299503 0.765831 0.438561 -0.831494 0.284645 -0.477069 0.051296 -0.815750 -0.576126 -0.553160 -0.503517 0.663690
VERTEX_POSE A61 0.074129 0.595247 -0.185753 0.058855 -0.738666 0.671497 0.947555 -0.170332 -0.270420 0.314127 0.652196 0.689902
VERTEX_POSE A62 0.833995 0.345460 0.588267 -0.943616 -0.004403 -0.331012 -0.190816 0.824322 0.532994 0.270514 0.566104 -0.778684
VERTEX_POSE A63 0.400873 0.622441 -0.277682 0.058595 0.861528 0.504317 -0.860631 -0.212390 0.462822 -0.505846 0.461150 -0.729013
VERTEX_POSE A64 -0.609627 -0.847518 0.172714 0.597094 0.537816 0.595174 0.731644 -0.060916 -0.678959 -0.328900 0.840859 -0.429863
VERTEX_POSE A65 0.269504 -0.697522 0.771866 0.428580 -0.579203 0.693428 0.462405 -0.518744 -0.719087 -0.776210 -0.628831 -0.045503
VERTEX_POSE A66 -0.358149 -0.954270 0.602259 -0.931817 0.065269 -0.357011 0.215330 -0.692421 -0.688612 -0.292147 -0.718536 0.631155
VERTEX_POSE A67 0.981496 0.487217 0.464788 0.739196 -0.098814 0.666202 0.226592 -0.895024 -0.384172 -0.634228 -0.434934 0.639208
VERTEX_POSE A68 -0.261010 -0.729739 0.886327 -0.511785 -0.814570 0.273040 -0.621570 0.131684 -0.772211 -0.593065 0.564920 0.573707
VERTEX_POSE A69 0.314399 0.844854 -0.039127 0.591313 -0.363507 -0.719870 -0.386948 0.655290 -0.648742 0.707546 0.662161 0.246824
VERTEX_POSE A70 0.954092 -0.248562 -0.278520 0.344840 -0.321404 0.881921 -0.564974 -0.821373 -0.078428 0.749593 -0.471217 -0.464827
VERTEX_POSE A71 0.415509 0.751632 0.799763 0.849979 0.339526 -0.402813 -0.524932 0.610460 -0.593114 -0.044524 -0.715584 -0.697106
VERTEX_POSE A72 -0.030262 -0.572398 0.804267 -0.608671 -0.788099 -0.091758 -0.585296 0.524073 -0.618689 -0.535676 0.322872 0.780259
VERTEX_POSE A73 0.851387 -0.732927 -0.539979 -0.268909 0.251150 -0.929845 0.933490 0.305755 -0.187379 -0.237244 0.918389 0.316666
VERTEX_POSE A74 -0.196973 -0.665319 -0.756232 -0.771568 -0.618188 0.150088 0.489400 -0.727555 -0.480781 0.406411 -0.297502 0.863900
VERTEX_POSE A75 0.869324 -0.943295 0.421911 0.748276 -0.448627 -0.488689 -0.591405 -0.784857 -0.185039 0.300537 -0.427474 0.852610
VERTEX_POSE A76 0.898789 0.700865 0.295086 -0.382693 -0.684742 0.620222 -0.888831 0.089734 -0.449363 0.252042 -0.723241 -0.642960
VERTEX_POSE A77 -0.712548 -0.108480 0.698179 0.837956 -0.375367 0.396143 -0.001694 -0.727671 -0.685924 0.545735 0.574103 -0.610393
VERTEX_POSE A78 0.084385 -0.684592 0.045066 0.071374 -0.030953 0.996969 0.986611 0.149140 -0.066002 0.146645 -0.988332 -0.041183
VERTEX_POSE A79 0.429640 -0.780474 0.318554 -0.201434 0.680642 -0.704380 -0.978807 -0.112784 0.170929 0.036899 0.723883 0.688936
VERTEX_POSE A80 -0.841580 0.078817 -0.945854 -0.271490 -0.850408 -0.450666 0.942611 -0.140380 -0.302950 -0.194366 0.507050 -0.839715
VERTEX_POSE A81 -0.476581 0.296924 -0.989990 -0.537899 0.744492 -0.395470 -0.662514 -0.663414 -0.347790 0.521287 -0.074928 -0.850086
VERTEX_POSE A82 0.914033 0.706846 -0.505673 0.002475 -0.966716 0.255841 0.236819 -0.247997 -0.939369 0.971551 0.062913 0.228323
VERTEX_POSE A83 -0.460541 -0.960933 -0.569936 -0.155306 0.529708 0.833840 -0.569309 -0.737808 0.362666 0.807321 -0.418389 0.416153
VERTEX_POSE A84 0.802083 0.469361 -0.275897 -0.460877 -0.025020 -0.887111 0.695520 -0.631055 -0.343542 0.551220 0.775335 -0.308240
VERTEX_POSE A85 0.006475 0.529383 0.274215 0.121741 -0.974057 0.190766 -0.900010 -0.189372 -0.392581 -0.418522 0.123898 0.899716
VERTEX_POSE A86 -0.795920 -0.783117 0.282156 -0.355563 0.785836 0.506001 -0.801212 0.022505 -0.597957 -0.481283 -0.618025 0.621620
VERTEX_POSE A87 -0.425383 0.708145 0.440531 -0.733008 0.280796 -0.619558 0.448829 0.884061 -0.130343 -0.511127 0.373618 0.774053
VERTEX_POSE A88 -0.981638 0.404741 0.253564 -0.751531 0.268526 -0.602573 0.655383 0.199611 -0.728443 0.075326 0.942364 0.326001
VERTEX_POSE A89 0.733525 0.793788 -0.036979 0.382002 0.236465 0.893397 -0.361612 0.927880 -0.090973 0.850477 0.288312 -0.439960
VERTEX_POSE A90 -0.129191 0.132395 0.625809 -0.697433 -0.281092 -0.659223 0.470436 0.514358 -0.717025 0.540627 -0.810199 -0.226495
VERTEX_POSE A91 0.317865 0.170573 -0.307875 0.396026 0.027324 -0.917833 -0.899268 -0.190593 -0.393690 0.185690 -0.981289 0.050909
VERTEX_POSE A92 -0.192346 0.389035 0.777268 0.453106 0.403898 -0.794708 0.462133 -0.868754 -0.178044 0.762318 0.286588 0.580292
VERTEX_POSE A93 -0.295196 -0.522145 0.214076 -0.804749 0.328729 0.494284 -0.118641 -0.904935 0.408678 0.581639 0.270241 0.767246
VERTEX_POSE A94 -0.281262 -0.206986 0.414443 -0.387617 -0.684277 -0.617671 -0.779703 -0.114071 0.615671 0.491748 -0.720245 0.489318
VERTEX_POSE A95 0.198027 0.541517 -0.050019 -0.627704 -0.599650 -0.496395 0.078900 -0.683393 0.725774 0.774443 -0.416406 -0.476281
VERTEX_POSE A96 0.974308 -0.219667 -0.014059 0.157384 0.862575 -0.480827 0.695072 -0.442624 -0.566532 0.701503 0.245046 0.669213
VERTEX_POSE A97 0.360589 -0.161257 0.016702 0.789390 0.588185 0.175788 -0.072343 0.373484 -0.924811 0.609614 -0.717320 -0.337376
VERTEX_POSE A98 0.179523 0.028734 -0.585231 -0.096764 0.874914 0.474512 -0.747831 -0.378515 0.545413 -0.656799 0.302078 -0.690915
VERTEX_POSE A99 -0.286702 0.050594 -0.127731 -0.185090 0.802601 0.567074 0.815831 -0.196210 0.543986 0.547870 0.563323 -0.618471
VERTEX_POSE A100 -0.325012 -0.316403 0.977574 -0.184264 0.597032 -0.780769 -0.252253 -0.796489 -0.549521 -0.949955 0.095695 0.297367
VERTEX_POSE A101 0.133615 0.780172 0.136249 -0.124241 -0.544151 0.829737 0.079905 -0.838987 -0.538253 0.989030 -0.000573 0.147717
VERTEX_POSE A102 -0.871193 -0.197774 -0.327968 0.566630 -0.392425 0.724523 0.813882 0.129370 -0.566445 -0.128556 -0.910641 -0.392692
VERTEX_POSE A103 0.644726 0.111199 0.781841 0.816248 -0.080616 -0.572049 0.121891 -0.943891 0.306941 -0.564696 -0.320267 -0.760623
VERTEX_POSE A104 -0.014998 -0.952755 0.596271 0.545182 0.790809 -0.278203 0.445399 0.007904 0.895297 -0.710209 0.612011 0.347916
VERTEX_POSE A105 -0.068166 0.136906 -0.084201 0.288706 0.953080 0.091032 -0.293828 -0.002291 0.955855 0.911215 -0.302709 0.279381
VERTEX_POSE A106 0.514050 0.167904 0.203753 -0.118562 0.910863 0.395311 -0.290477 0.348885 -0.891012 -0.949508 -0.220469 0.223220
VERTEX_POSE A107 -0.116209 0.748110 -0.108644 0.848435 0.366160 0.382212 0.515422 -0.407270 -0.753970 0.120410 -0.836695 0.534269
VERTEX_POSE A108 0.219286 -0.971574 -0.386022 -0.661597 0.680257 0.315500 0.516012 0.107733 0.849779 -0.544078 -0.725013 0.422297
VERTEX_POSE A109 -0.401564 0.483312 -0.751182 0.941736 0.061247 0.330731 0.336326 -0.158738 -0.928271 0.004355 -0.985419 0.170088
VERTEX_POSE A110 -0.686569 0.967635 -0.790090 0.717277 -0.659106 -0.226039 0.273964 0.565042 -0.778249 -0.640670 -0.496293 -0.585862
VERTEX_POSE A111 0.377706 0.107243 -0.331876 0.356429 0.156938 -0.921048 0.845713 -0.473219 0.246644 0.397150 0.866853 0.301393
VERTEX_POSE A112 0.121855 -0.219764 -0.741171 0.754723 -0.525224 0.393105 0.050665 -0.550754 -0.833128 -0.654084 -0.648698 0.389057
VERTEX_POSE A113 -0.772536 0.674482 -0.295763 -0.276388 -0.910852 -0.306526 -0.743074 0.404809 -0.532889 0.609468 0.080488 -0.788715
VERTEX_POSE A114 0.917165 0.146310 0.098188 0.281595 0.756702 0.590005 0.789060 0.167255 -0.591109 0.545975 -0.632003 0.549985
VERTEX_POSE A115 -0.076062 -0.750403 -0.017068 -0.773212 0.614003 0.158565 -0.311518 -0.149971 -0.938331 -0.552358 -0.774925 0.307233
VERTEX_POSE A116 0.233939 0.203865 0.978452 -0.715389 -0.658729 -0.233014 -0.551273 0.737013 -0.391038 0.429322 -0.151290 -0.890390
VERTEX_POSE A117 -0.878755 0.363193 -0.619656 0.739458 0.657734 0.143487 0.261737 -0.477262 0.838877 0.620239 -0.582759 -0.525068
VERTEX_POSE A118 0.498555 0.957741 -0.576537 0.143135 -0.703683 0.695947 0.894333 -0.209211 -0.395474 -0.423888 -0.679015 -0.599381
VERTEX_POSE A119 0.252301 -0.391394 0.232016 -0.423232 -0.807733 -0.410418 0.276838 -0.546616 0.790298 0.862690 -0.220860 -0.454957
VERTEX_POSE A120 0.854770 0.156982 0.343365 0.574669 0.784053 -0.234558 0.758335 -0.402397 0.512840 -0.307709 0.472587 0.825819
VERTEX_POSE A121 -0.630636 0.090136 -0.950728 0.281297 0.139724 -0.949394 -0.825272 -0.469635 -0.313638 0.489692 -0.871734 0.016797
VERTEX_POSE A122 -0.429834 0.779179 0.924142 -0.456994 -0.305350 -0.835415 0.315080 -0.933899 0.168989 -0.831794 -0.185995 0.522996
VERTEX_POSE A123 -0.337575 -0.453984 0.120633 0.618343 0.640616 -0.455262 -0.257384 -0.382265 -0.887483 0.742566 -0.665946 0.071487
VERTEX_POSE A124 0.074168 0.567992 0.263347 0.570109 0.044912 -0.820341 0.607020 0.649830 0.457435 -0.553626 0.758751 -0.343212
VERTEX_POSE A125 0.288904 -0.427807 0.338585 0.869818 -0.437799 0.227482 -0.389981 -0.327667 0.860552 0.302210 0.837237 0.455744
VERTEX_POSE A126 0.860452 -0.912467 -0.929386 -0.457838 0.888933 -0.013524 -0.763755 -0.385489 0.517761 0.455041 0.247380 0.855419
VERTEX_POSE A127 0.048476 -0.651675 -0.750711 0.888775 0.381767 0.253639 0.401789 -0.915229 -0.030344 0.220553 0.128878 -0.966823
VERTEX_POSE A128 -0.350507 0.410936 -0.644713 0.747458 -0.147082 0.647823 -0.084308 -0.988299 -0.127108 0.658938 0.040391 -0.751112
VERTEX_POSE A129 0.039974 0.116267 -0.514616 -0.114286 -0.407121 0.906196 -0.426922 0.843776 0.325237 -0.897038 -0.349705 -0.270240
VERTEX_POSE A130 0.761774 0.398919 0.121557 0.307690 -0.834287 -0.457484 -0.757630 0.076046 -0.648239 0.575608 0.546060 -0.608682
VERTEX_POSE A131 0.324481 -0.905467 -0.667139 -0.809460 0.363035 -0.461497 0.534942 0.780008 -0.324692 0.242097 -0.509699 -0.825588
VERTEX_POSE A132 -0.826410 -0.103560 0.621633 -0.327396 -0.866954 -0.375770 0.266510 0.296814 -0.916992 -0.906523 0.400366 -0.133876
VERTEX_POSE A133 0.890581 -0.798856 0.793589 0.156777 0.568606 -0.807532 -0.129146 -0.798820 -0.587545 0.979154 -0.196403 0.051804
VERTEX_POSE A134 -0.030793 0.205732 -0.885298 0.250165 0.904984 0.344125 -0.122395 0.382135 -0.915965 0.960436 -0.187024 -0.206362
VERTEX_POSE A135 0.158591 -0.056315 0.217903 0.416300 0.370224 -0.830439 -0.619455 -0.553087 -0.557109 -0.665560 0.746344 -0.000913
VERTEX_POSE A136 -0.177585 0.338050 -0.290612 -0.142930 -0.478459 0.866399 0.886274 -0.451530 -0.103143 -0.440555 -0.753125 -0.488583
VERTEX_POSE A137 -0.516743 -0.626363 0.318455 -0.191145 -0.829044 -0.525500 0.193444 -0.556688 0.807885 0.962311 -0.052768 -0.266781
VERTEX_POSE A138 -0.957618 -0.308206 -0.890741 0.533315 0.654411 -0.536023 0.012411 0.627538 0.778487 -0.845825 0.421832 -0.326554
VERTEX_POSE A139 -0.958299 0.366477 0.323367 0.589960 0.173296 0.788616 -0.091948 -0.955924 0.278847 -0.802180 0.237020 0.548023
VERTEX_POSE A140 0.081692 0.856949 0.567273 0.220766 -0.548251 -0.806650 -0.449146 -0.791288 0.414887 0.865754 -0.270711 0.420934
VERTEX_POSE A141 -0.644187 -0.340570 -0.680831 -0.677788 -0.374404 0.632792 -0.436632 0.897411 0.063292 0.591572 0.233398 0.771731
VERTEX_POSE A142 0.419407 -0.526280 0.991491 0.122411 0.346747 0.929937 0.641921 0.686950 -0.340643 -0.756937 0.638644 -0.138494
VERTEX_POSE A143 -0.796453 -0.362816 0.826102 -0.263268 0.766495 0.585812 -0.772331 -0.531333 0.348123 0.578096 -0.360791 0.731871
VERTEX_POSE A144 -0.416723 -0.666088 0.023406 0.857230 0.247429 0.451592 0.514066 -0.462103 -0.722632 0.029882 0.851610 -0.523323
VERTEX_POSE A145 0.336572 0.620030 0.089679 -0.877394 0.182305 -0.443785 0.169572 -0.747454 -0.642307 -0.448804 -0.638809 0.624898
VERTEX_POSE A146 0.127486 -0.113219 -0.190967 -0.284099 0.775846 0.563339 0.898511 0.010385 0.438828 -0.334612 -0.630837 0.700056
VERTEX_POSE A147 0.817216 0.537777 0.001858 -0.715371 -0.692603 0.092440 -0.359974 0.251913 -0.898309 0.598884 -0.675900 -0.429531
VERTEX_POSE A148 0.457817 -0.016777 0.470023 0.535296 0.735855 0.414700 -0.833439 0.380363 0.400879 0.137252 -0.560216 0.816896
VERTEX_POSE A149 -0.373959 -0.155478 0.232496 -0.353272 0.801507 -0.482479 0.505760 0.597496 0.622258 0.787023 -0.024193 -0.616449
VERTEX_POSE A150 0.069516 -0.853617 -0.766126 0.839963 -0.468333 -0.274093 -0.211681 0.182298 -0.960187 -0.499654 -0.864541 -0.053987
VERTEX_POSE A151 0.312587 -0.859795 -0.186611 -0.842505 0.537277 0.038978 -0.171816 -0.336592 0.925843 0.510553 0.773330 0.375893
VERTEX_POSE A152 -0.004595 0.934658 0.281768 0.344206 -0.447800 -0.825226 0.685833 -0.480345 0.546719 0.641214 0.754151 -0.141778
VERTEX_POSE A153 0.639682 0.925562 -0.841984 0.164537 0.681819 0.712776 -0.879297 -0.226051 0.419211 -0.446950 0.695718 -0.562328
VERTEX_POSE A154 0.975012 -0.313779 0.934022 0.049660 0.790545 0.610387 -0.503628 0.547576 -0.668221 -0.862492 -0.274224 0.425333
VERTEX_POSE A155 -0.930427 0.502650 -0.454885 -0.324352 -0.919661 -0.221404 0.933938 -0.348504 0.079403 0.150184 0.181023 -0.971944
VERTEX_POSE A156 -0.071414 -0.502246 0.496601 0.434339 -0.438276 -0.786933 -0.738345 -0.673648 -0.032339 -0.515942 0.595074 -0.616190
VERTEX_POSE A157 0.835463 -0.226246 -0.995364 0.318463 -0.027275 -0.947543 0.925059 0.227216 0.304366 -0.206996 0.973462 -0.097591
VERTEX_POSE A158 0.118049 0.850975 -0.205596 -0.258072 -0.695099 -0.670997 -0.832024 -0.193104 0.520045 0.491055 -0.692494 0.528504
VERTEX_POSE A159 0.578078 0.908691 0.851887 -0.184398 -0.752385 0.632388 0.911140 -0.372123 -0.177055 0.368539 0.543545 0.754147
VERTEX_POSE A160 -0.124562 0.890022 -0.509980 -0.398227 -0.917062 -0.020308 0.780764 -0.327254 -0.532272 -0.481480 0.227821 -0.846330
VERTEX_POSE A161 -0.120177 0.249893 0.915961 0.036753 -0.871312 0.489351 0.952779 -0.117154 -0.280156 -0.301433 -0.476540 -0.825862
VERTEX_POSE A162 -0.097441 -0.996776 -0.815252 -0.618291 0.470953 0.629221 0.757637 0.570089 0.317782 0.209051 -0.673203 0.709292
VERTEX_POSE A163 0.049028 -0.213538 -0.888348 -0.956727 -0.138063 0.256148 -0.288517 0.564521 -0.773353 0.037829 0.813791 0.579926
VERTEX_POSE A164 -0.229596 0.451037 0.709550 -0.443398 -0.830600 0.336900 -0.756626 0.145336 -0.637491 -0.480537 0.537569 0.692895
VERTEX_POSE A165 0.871766 0.208956 -0.700549 0.867591 0.365050 -0.337675 -0.465814 0.834304 -0.294880 -0.174078 -0.413129 -0.893880
VERTEX_POSE A166 -0.792381 0.730146 0.329556 0.896281 -0.399515 0.192528 -0.443433 -0.814023 0.375145 -0.006846 0.421609 0.906752
VERTEX_POSE A167 0.592819 -0.210912 -0.581062 0.758740 0.359775 -0.543025 -0.277845 -0.575250 -0.769344 0.589166 -0.734608 0.336503
VERTEX_POSE A168 -0.644978 0.582593 0.617906 0.315871 -0.740265 -0.593493 0.948647 0.257711 0.183448 -0.017150 0.620961 -0.783653
VERTEX_POSE A169 -0.749999 -0.578059 0.438815 -0.950583 -0.190235 -0.245363 0.279209 -0.869410 -0.407639 0.135773 0.456002 -0.879561
VERTEX_POSE A170 0.634520 -0.844436 0.742305 0.956562 -0.277003 0.090881 0.237296 0.558716 -0.794686 0.169353 0.781732 0.600178
VERTEX_POSE A171 0.436715 0.439541 0.185179 -0.712688 -0.304386 0.632001 0.656744 0.027069 0.753627 -0.246501 0.952164 0.180612
VERTEX_POSE A172 -0.394186 0.081371 0.757984 0.795927 -0.534586 -0.284111 0.096736 0.575576 -0.812007 0.597614 0.618814 0.509829
VERTEX_POSE A173 0.053928 -0.370716 0.733796 0.599250 -0.020901 0.800289 -0.573588 -0.708578 0.410992 0.558477 -0.705323 -0.436604
VERTEX_POSE A174 0.640262 -0.923275 0.011280 -0.740534 0.008858 0.671961 -0.488371 -0.693966 -0.529061 -0.461631 0.719954 -0.518231
VERTEX_POSE A175 0.189092 0.415282 -0.218609 0.377026 -0.918156 0.121822 -0.087033 -0.166067 -0.982266 -0.922105 -0.359737 0.142522
VERTEX_POSE A176 -0.609500 -0.750686 -0.176525 -0.683657 0.724982 -0.083748 0.597396 0.490009 -0.634830 -0.419203 -0.484037 -0.768100
VERTEX_POSE A177 -0.232252 -0.036494 0.820313 0.891077 0.417083 -0.178951 -0.324977 0.861595 0.389928 -0.316816 0.289300 -0.903290
VERTEX_POSE A178 0.006307 -0.046941 0.783249 -0.870591 0.447199 -0.205147 0.259952 0.772092 0.579912 -0.417728 -0.451538 0.788427
VERTEX_POSE A179 0.848317 0.232537 -0.706502 0.169944 0.602856 0.779541 -0.839214 -0.326122 0.435159 -0.516564 0.728154 -0.450503
VERTEX_POSE A180 0.393789 0.808028 0.052810 0.433059 0.895427 0.103300 -0.675748 0.246679 0.694633 -0.596511 0.370622 -0.711909
VERTEX_POSE A181 -0.924176 0.099442 -0.982877 -0.554977 0.728948 -0.400793 -0.741416 -0.651922 -0.159057 0.377231 -0.208882 -0.902256
VERTEX_POSE A182 0.160904 0.372742 0.106887 0.900207 0.409395 -0.148403 -0.415141 0.703931 -0.576314 0.131475 -0.580410 -0.803641
VERTEX_POSE A183 -0.610806 0.742686 -0.665423 -0.146160 -0.312208 -0.938703 0.568798 0.749837 -0.337956 -0.809387 0.583328 -0.067987
VERTEX_POSE A184 0.715505 0.025003 -0.824861 -0.764872 0.612069 -0.200854 -0.622100 -0.782768 -0.016337 0.167222 -0.112456 -0.979485
VERTEX_POSE A185 0.135915 -0.941037 0.040909 -0.847899 0.513929 0.130166 0.521549 0.852664 0.030823 0.095147 -0.094023 0.991013
VERTEX_POSE A186 -0.541233 0.245336 -0.120307 0.650137 -0.472764 0.594824 0.651079 -0.056931 -0.756872 0.391686 0.879348 0.270794
VERTEX_POSE A187 -0.355909 0.522758 0.671740 -0.157082 -0.655115 -0.739019 0.645539 0.498204 -0.578854 0.747398 -0.567993 0.344644
VERTEX_POSE A188 -0.028621 -0.167283 0.045545 0.017413 0.864555 -0.502237 -0.504087 -0.426211 -0.751160 -0.863477 0.266251 0.428389
VERTEX_POSE A189 0.576816 0.096311 0.674096 -0.337913 -0.847566 -0.409201 0.505258 -0.530176 0.680902 -0.794058 0.023334 0.607393
VERTEX_POSE A190 -0.777831 0.431448 0.523628 -0.789869 0.485902 0.374174 0.540264 0.262596 0.799474 0.290209 0.833632 -0.469931
VERTEX_POSE A191 0.846817 -0.277261 0.535565 -0.138025 -0.442916 0.885875 -0.312539 -0.829258 -0.463304 0.939824 -0.340818 -0.023970
VERTEX_POSE A192 -0.543361 -0.653796 0.590058 0.916536 0.363352 0.167146 0.066713 -0.550949 0.831868 -0.394350 0.751286 0.529204
VERTEX_POSE A193 0.124728 0.434672 0.708376 -0.329040 0.650716 -0.684325 0.242256 0.758593 0.604854 -0.912713 -0.033239 0.407247
VERTEX_POSE A194 -0.104156 0.509201 0.647217 0.445882 -0.825884 0.345115 -0.845104 -0.261386 0.466344 -0.294938 -0.499592 -0.814505
VERTEX_POSE A195 0.227043 0.797241 0.299608 -0.992804 0.037647 0.113679 0.091133 0.853357 0.513300 0.077684 -0.519966 0.850647
VERTEX_POSE A196 -0.003506 -0.356372 -0.992173 0.469727 -0.389410 0.792285 -0.836818 0.089495 0.540116 0.281232 0.916706 0.283827
VERTEX_POSE A197 0.103463 0.239347 -0.023227 -0.651559 0.563725 -0.507627 0.589099 0.797599 0.129610 -0.477947 0.214594 0.851773
VERTEX_POSE A198 -0.180138 -0.413671 0.718546 0.029450 -0.498498 -0.866390 0.538857 0.737949 -0.406280 -0.841882 0.454896 -0.290352
VERTEX_POSE A199 0.351516 -0.773779 0.625733 0.655419 -0.472576 -0.589150 0.752326 0.339754 0.564422 0.066567 0.813166 -0.578213
VERTEX_POSE A200 0.353464 0.661288 -0.584413 -0.905775 0.151953 -0.395579 0.047499 -0.891209 -0.451099 -0.421089 -0.427384 0.800017
VERTEX_POSE A201 -0.545618 -0.258107 0.460851 -0.688420 -0.710830 0.144213 0.058011 -0.252154 -0.965947 0.722988 -0.656612 0.214824
VERTEX_POSE A202 -0.211769 0.665763 -0.189089 0.609673 -0.479665 0.631047 0.102513 0.837148 0.537284 -0.785996 -0.262878 0.559558
VERTEX_POSE A203 0.959279 -0.257341 -0.826428 -0.064942 0.443035 0.894149 -0.145557 0.882251 -0.447712 -0.987216 -0.159225 0.007192
VERTEX_POSE A204 0.508310 0.371177 0.194646 0.533253 -0.689305 0.490407 -0.812182 -0.254993 0.524727 0.236647 0.678112 0.695817
VERTEX_POSE A205 -0.571507 0.742488 0.822191 -0.739533 0.285058 0.609780 0.564516 0.756064 0.331195 -0.366623 0.589160 -0.720054
VERTEX_POSE A206 0.148370 -0.842059 -0.045038 -0.511618 -0.512408 0.689699 -0.048805 0.818745 0.572079 0.857826 -0.259025 0.443893
VERTEX_POSE A207 0.898810 0.620491 -0.981879 0.854698 -0.384234 -0.349079 -0.508902 -0.487352 -0.709582 -0.102521 -0.784125 0.612076
VERTEX_POSE A208 0.196241 -0.294006 0.642505 -0.645209 -0.650896 -0.400050 -0.410921 -0.145785 0.899939 0.644088 -0.745038 0.173404
VERTEX_POSE A209 -0.845323 0.111000 -0.261789 -0.694158 -0.707609 -0.132039 -0.586031 0.449031 0.674492 0.417987 -0.545582 0.726379
VERTEX_POSE A210 0.747126 -0.146972 -0.688381 -0.804552 0.378655 0.457512 0.534765 0.126839 0.835427 0.258308 0.916806 -0.304540
VERTEX_POSE A211 -0.409970 -0.485978 -0.304686 -0.309853 0.263705 0.913483 -0.135520 0.938708 -0.316955 0.941077 0.222005 0.255124
VERTEX_POSE A212 -0.769499 -0.789558 -0.244666 0.324234 -0.455996 -0.828818 -0.899971 0.121215 -0.418759 -0.291418 -0.881688 0.371081
VERTEX_POSE A213 -0.091970 -0.774230 0.418506 0.414618 0.568958 0.710196 -0.074550 0.799053 -0.596621 0.906937 -0.194425 -0.373718
VERTEX_POSE A214 -0.020776 -0.743292 0.029892 -0.924051 0.261045 -0.279258 -0.131597 -0.903106 -0.408756 -0.358904 -0.340962 0.868869
VERTEX_POSE A215 0.946006 0.235445 -0.069526 -0.923728 -0.378827 0.056710 0.379080 -0.882832 0.277319 -0.054990 0.277665 0.959103
VERTEX_POSE A216 -0.956054 -0.715268 -0.540585 0.492881 -0.851144 0.180618 0.597100 0.481860 0.641313 -0.632882 -0.208244 0.745717
VERTEX_POSE A217 0.437991 0.502045 0.909584 0.222478 0.864299 -0.451100 -0.685402 0.467713 0.558094 -0.693345 -0.185021 -0.696448
VERTEX_POSE A218 -0.409903 -0.241797 -0.397786 -0.028916 0.675573 -0.736726 -0.472224 0.640369 0.605749 -0.881004 -0.365416 -0.300505
VERTEX_POSE A219 0.015324 0.117449 0.504959 -0.399892 0.796028 0.454341 -0.793263 -0.548904 0.263511 0.459152 -0.255036 0.850962
VERTEX_POSE A220 0.014807 -0.401645 0.583681 0.091947 0.728098 0.679279 0.994031 -0.107346 -0.019491 -0.058727 -0.677016 0.733622
VERTEX_POSE A221 -0.187733 -0.810349 -0.874159 -0.495386 -0.574651 -0.651436 0.590216 0.327574 -0.737794 -0.637367 0.749981 -0.176893
VERTEX_POSE A222 -0.137859 0.840188 0.040524 -0.150203 0.988086 0.033558 0.901590 0.122968 0.414746 -0.405678 -0.092551 0.909318
VERTEX_POSE A223 0.471446 -0.055441 0.173739 0.314415 -0.731193 -0.605393 -0.399568 -0.680427 0.614301 -0.861098 0.048750 -0.506097
VERTEX_POSE A224 0.936995 0.624324 0.834218 -0.530709 -0.493301 -0.689204 -0.336315 -0.623840 0.705490 -0.777972 0.606200 0.165173
VERTEX_POSE A225 0.757986 0.349389 -0.312259 -0.061952 -0.622362 0.780274 -0.635155 0.627628 0.450179 -0.769896 -0.467705 -0.434179
VERTEX_POSE A226 -0.301511 -0.258200 -0.526654 -0.402964 0.722485 -0.561814 0.809416 0.567840 0.149677 0.427160 -0.394427 -0.813610
VERTEX_POSE A227 -0.066511 -0.732048 0.842044 0.771839 -0.437799 0.461081 0.607476 0.721866 -0.331486 -0.187714 0.535950 0.823117
VERTEX_POSE A228 -0.138551 -0.411264 0.664513 -0.947897 0.264523 0.177535 0.282409 0.955609 0.084009 -0.147432 0.129769 -0.980522
VERTEX_POSE A229 0.518351 0.328129 -0.808108 -0.569630 -0.578279 0.584051 -0.615881 0.770880 0.162587 -0.544254 -0.267091 -0.795267
VERTEX_POSE A230 -0.714995 -0.505827 0.467777 0.397611 0.905363 0.149072 -0.596853 0.378600 -0.707410 0.696901 -0.192300 -0.690905
VERTEX_POSE A231 -0.785087 -0.749976 -0.919899 0.410393 -0.904233 -0.118072 -0.759602 -0.267331 -0.592907 0.504561 0.333013 -0.796568
VERTEX_POSE A232 0.972733 -0.929978 0.652743 0.855127 -0.168760 -0.490181 0.462314 -0.179582 0.868341 -0.234569 -0.969159 -0.075546
VERTEX_POSE A233 0.073237 -0.840064 -0.721312 -0.334509 -0.925789 -0.176118 -0.580099 0.349564 -0.735724 -0.742690 0.143941 0.653982
VERTEX_POSE A234 -0.825808 -0.007317 -0.746328 -0.740549 -0.457940 0.491812 -0.662676 0.376136 -0.647598 -0.111573 0.805489 0.582013
VERTEX_POSE A235 0.481044 0.441199 -0.152611 0.441812 0.855450 -0.270199 -0.704645 0.144504 -0.694690 -0.555227 0.497317 0.666632
VERTEX_POSE A236 0.501730 0.902424 -0.899121 0.158401 0.685109 -0.711009 -0.685887 0.594348 0.419893 -0.710260 -0.421160 -0.564053
VERTEX_POSE A237 0.322562 0.150624 0.208635 -0.061533 0.764444 -0.641747 0.997941 0.035480 -0.053423 0.018069 0.643713 0.765053
VERTEX_POSE A238 0.379853 0.061690 -0.134490 -0.508749 0.550611 -0.661817 0.734788 -0.122878 -0.667074 -0.448621 -0.825669 -0.342068
VERTEX_POSE A239 -0.302029 -0.391582 0.743384 0.868148 -0.305141 -0.391419 0.001871 0.790671 -0.612238 -0.496303 -0.530781 -0.686990
VERTEX_POSE A240 0.477239 -0.738376 0.946846 0.407706 -0.474987 -0.779848 0.811074 0.580698 0.070342 0.419445 -0.661194 0.622004
VERTEX_POSE A241 0.126980 0.914718 0.177130 0.811624 0.474245 -0.341114 -0.118999 -0.437460 -0.891330 0.571932 -0.764016 0.298618
VERTEX_POSE A242 0.288001 0.122440 -0.561301 0.171742 -0.242421 0.954849 -0.434554 0.851215 0.294270 -0.884119 -0.465472 0.040844
VERTEX_POSE A243 0.707740 -0.527934 -0.297820 0.706242 -0.610228 0.358948 -0.681833 -0.449770 0.576898 0.190595 0.652172 0.733720
VERTEX_POSE A244 -0.964990 -0.859513 -0.404364 -0.662770 0.091017 -0.743271 -0.694322 -0.446442 0.564453 0.280452 -0.890172 -0.359083
VERTEX_POSE A245 -0.732775 0.379148 0.468590 0.763876 -0.621433 -0.174110 -0.458631 -0.712529 0.530999 -0.454039 -0.325765 -0.829292
VERTEX_POSE A246 0.653746 0.707511 0.632653 0.478611 0.209564 -0.852651 0.164120 -0.975336 -0.147594 -0.862552 -0.069297 -0.501200
VERTEX_POSE A247 -0.921045 -0.574781 0.055050 0.637191 0.271380 -0.721347 -0.187647 0.962418 0.196318 -0.747514 -0.010266 -0.664167
VERTEX_POSE A248 0.705215 -0.118807 0.378175 -0.317570 -0.187686 0.929475 0.222610 0.938065 0.265479 -0.921734 0.291219 -0.256121
VERTEX_POSE A249 -0.756156 -0.534286 -0.765133 -0.708531 0.100836 -0.698438 -0.391795 -0.879391 0.270495 0.586925 -0.465299 -0.662583
VERTEX_POSE A250 0.094280 0.542668 -0.439990 -0.120286 -0.487463 -0.864819 0.426847 -0.811902 0.398267 0.896288 0.321240 -0.305732
VERTEX_POSE A251 -0.279978 0.479548 -0.038144 0.444882 0.801203 0.400192 -0.869015 0.278141 0.409207 -0.216548 0.529821 -0.819998
VERTEX_POSE A252 0.056110 -0.344634 -0.639291 0.028910 -0.172895 0.984516 -0.374767 0.911208 0.171026 0.926668 0.373909 0.038453
VERTEX_POSE A253 0.956421 0.382856 0.600533 -0.223545 -0.807866 -0.545325 0.796101 -0.474135 0.376056 0.562361 0.350068 -0.749134
VERTEX_POSE A254 -0.808532 -0.575893 -0.864406 -0.477166 -0.276107 0.834313 0.878577 -0.171877 0.445601 -0.020366 -0.945634 -0.324595
VERTEX_POSE A255 -0.006895 -0.720311 -0.805074 0.285851 -0.814068 -0.505552 0.022133 0.533033 -0.845805 -0.958018 -0.230585 -0.170386
VERTEX_POSE A256 0.714407 -0.267755 -0.711726 -0.687632 -0.705366 0.172108 -0.724261 0.683056 -0.094243 0.051084 0.189456 0.980559
VERTEX_POSE A257 -0.110043 0.165907 -0.391059 -0.407210 -0.205650 -0.889881 -0.400254 0.915960 -0.028521 0.820961 0.344564 -0.455300
VERTEX_POSE A258 0.926594 -0.452358 -0.963029 -0.084202 -0.811028 -0.578916 0.466327 -0.545504 0.696393 0.880596 0.211326 -0.424137
VERTEX_POSE A259 -0.424144 0.320981 0.952788 -0.593093 0.188201 -0.782829 -0.694135 0.373117 0.615597 0.407942 0.908496 -0.090656
VERTEX_POSE A260 -0.591692 -0.505964 -0.199167 -0.280449 -0.817943 -0.502312 0.409016 -0.575259 0.708366 0.868363 0.006793 -0.495883
VERTEX_POSE A261 -0.788400 0.041815 0.504747 -0.075449 0.563080 -0.822951 -0.873974 0.360002 0.326448 0.480081 0.743868 0.464955
VERTEX_POSE A262 -0.209231 0.571004 -0.967112 -0.294549 -0.577716 0.761239 0.755670 0.346812 0.555594 -0.584982 0.738895 0.334409
VERTEX_POSE A263 -0.618959 -0.435942 -0.546424 -0.653380 0.154117 0.741177 0.128422 0.987433 -0.092112 -0.746058 0.035000 -0.664961
VERTEX_POSE A264 0.284836 0.201751 0.783435 -0.362047 -0.011156 -0.932093 -0.864178 0.378877 0.331133 -0.349454 -0.925380 0.146812
VERTEX_POSE A265 -0.035040 -0.436313 -0.713439 0.086502 -0.764396 -0.638918 -0.945680 -0.264735 0.188692 0.313379 -0.587890 0.745774
VERTEX_POSE A266 0.862085 -0.994743 0.300965 0.796518 -0.393687 -0.458878 -0.410619 0.204849 -0.888498 -0.443791 -0.896129 -0.001511
VERTEX_POSE A267 -0.213434 0.104174 0.884315 0.767998 0.072397 -0.636347 -0.543006 -0.453235 -0.706910 -0.339593 0.888446 -0.308771
VERTEX_POSE A268 -0.712478 0.714311 0.495196 0.588932 -0.716771 0.373360 0.589562 0.697014 0.408152 0.552789 0.020255 -0.833075
VERTEX_POSE A269 0.241938 0.066947 -0.833525 -0.451798 -0.608405 -0.652474 -0.222588 0.785120 -0.577963 -0.863906 0.115890 0.490140
VERTEX_POSE A270 0.484537 0.712592 0.627699 0.334347 0.775491 -0.535561 -0.871924 0.038839 -0.488098 0.357715 -0.630163 -0.689155
VERTEX_POSE A271 0.764761 0.975935 0.442041 0.245530 -0.411402 0.877760 0.486568 0.835456 0.255470 0.838431 -0.364365 -0.405305
VERTEX_POSE A272 -0.631082 -0.018335 0.343605 0.437564 0.713216 -0.547596 -0.688394 0.657497 0.306286 0.578490 0.242942 0.778671
VERTEX_POSE A273 -0.227462 -0.164968 -0.933602 -0.669665 0.178629 0.720861 0.107516 -0.937099 0.332093 -0.734839 -0.299895 -0.608337
VERTEX_POSE A274 0.472502 -0.551999 -0.855779 0.868138 -0.378621 -0.320910 -0.459045 -0.366669 -0.809217 0.188718 0.849824 -0.492123
VERTEX_POSE A275 -0.596072 0.122152 0.939241 0.652226 0.716329 0.247941 -0.167910 -0.182435 0.968774 -0.739194 0.673491 -0.001289
VERTEX_POSE A276 0.039763 -0.785820 0.534988 -0.568088 0.690485 0.447779 0.781719 0.282649 0.555900 -0.257276 -0.665838 0.700335
VERTEX_POSE A277 0.126248 -0.844488 0.776875 0.240824 -0.877318 0.415110 -0.614894 0.193001 0.764628 0.750939 0.439389 0.492979
VERTEX_POSE A278 -0.517117 0.547371 -0.005709 -0.310333 0.941858 -0.128830 -0.431849 -0.018946 0.901747 -0.846876 -0.335477 -0.412620
VERTEX_POSE A279 -0.255022 0.095373 -0.086837 0.646885 -0.423398 0.634250 0.401029 0.896291 0.189307 -0.648625 0.131893 0.749593
VERTEX_POSE A280 0.370092 -0.378773 -0.988258 -0.881399 -0.426807 0.202414 0.189423 -0.711894 -0.676259 0.432729 -0.557712 0.708310
VERTEX_POSE A281 0.577163 0.090040 0.554300 -0.108432 -0.988115 0.108950 0.622939 -0.152948 -0.767173 0.774719 -0.015317 0.632120
VERTEX_POSE A282 0.465000 -0.425079 0.875019 -0.627482 0.776880 0.052187 0.374670 0.242505 0.894882 0.682560 0.581075 -0.443241
VERTEX_POSE A283 -0.573798 0.276593 -0.627550 0.012038 0.993377 0.114265 -0.572371 -0.086855 0.815382 0.819906 -0.075218 0.567535
VERTEX_POSE A284 0.533585 -0.527104 0.154834 -0.333269 0.733742 0.592077 -0.228731 0.546296 -0.805756 -0.914666 -0.403960 -0.014235
VERTEX_POSE A285 0.656468 -0.000972 -0.989387 0.647887 -0.094227 0.755886 0.491564 0.809764 -0.320387 0.581900 -0.579141 -0.570954
VERTEX_POSE A286 0.419308 0.556282 -0.432623 -0.138525 0.950585 0.277847 0.273428 0.306357 -0.911802 -0.951865 -0.050336 -0.302355
VERTEX_POSE A287 0.247991 0.205141 0.443108 -0.478349 -0.599768 0.641452 0.122212 0.677868 0.724955 0.869624 -0.425175 0.250959
VERTEX_POSE A288 -0.453575 -0.835065 -0.380446 -0.589325 0.448807 0.671765 -0.747042 -0.619323 -0.241593 0.307611 -0.644214 0.700260
VERTEX_POSE A289 0.345902 -0.896076 -0.395653 0.562232 0.183291 0.806411 0.362209 0.822042 -0.439377 0.743438 -0.539121 -0.395789
VERTEX_POSE A290 0.823847 -0.473878 0.395896 0.604163 0.782577 0.150199 -0.472115 0.199686 0.858623 0.641946 -0.589660 0.490109
VERTEX_POSE A291 -0.045267 -0.341029 0.420387 -0.906307 -0.422233 -0.018065 0.220895 -0.436834 -0.871998 0.360295 -0.794289 0.489175
VERTEX_POSE A292 0.557502 0.145738 -0.890905 -0.820825 0.400580 -0.407163 -0.015321 0.697148 0.716763 -0.570974 -0.594576 0.566100
VERTEX_POSE A293 -0.385384 -0.902874 0.428784 0.819614 -0.346182 0.456499 0.062457 -0.738060 -0.671838 0.569502 0.579159 -0.583303
VERTEX_POSE A294 0.335774 0.223029 0.873962 -0.354316 0.874225 -0.331951 -0.672572 0.008392 0.739985 -0.649698 -0.485449 -0.585005
VERTEX_POSE A295 -0.157662 -0.652511 0.892530 -0.495373 0.612195 -0.616298 -0.642998 0.218623 0.734001 0.584089 0.759883 0.285340
VERTEX_POSE A296 0.579576 -0.339187 0.715345 0.503518 -0.552499 0.664240 -0.693799 0.199608 0.691954 -0.514891 -0.809260 -0.282817
VERTEX_POSE A297 0.197859 0.228285 0.174927 -0.346970 -0.605472 -0.716251 0.435573 0.572308 -0.694794 0.830595 -0.553052 0.065154
VERTEX_POSE A298 0.628904 0.451663 0.776845 -0.801978 0.100662 0.588811 0.107806 0.993904 -0.023081 -0.587545 0.044967 -0.807941
VERTEX_POSE A299 0.867098 -0.624876 0.210541 0.168972 0.930812 0.324095 0.066040 0.317392 -0.945992 0.983406 -0.181249 0.007840
VERTEX_POSE A300 -0.560203 -0.704768 0.341402 0.040649 -0.469112 -0.882203 0.714496 -0.603554 0.353862 -0.698457 -0.644715 0.310644
VERTEX_POSE A301 0.113441 0.164256 0.404544 -0.983880 -0.152032 -0.094158 0.010600 0.476020 -0.879370 -0.178513 0.866193 0.466735
VERTEX_POSE A302 0.631860 -0.648941 -0.347418 -0.206695 -0.964414 0.164872 0.616897 -0.259254 -0.743119 0.759418 -0.051890 0.648531
VERTEX_POSE A303 -0.191285 0.276897 -0.314993 0.593012 0.677343 0.435365 0.757971 -0.287152 -0.585682 0.271692 -0.677311 0.683691
VERTEX_POSE A304 0.885979 0.999288 0.470942 0.468943 -0.841136 0.269413 0.334059 0.451285 0.827494 0.817617 0.298048 -0.492616
VERTEX_POSE A305 0.104361 -0.200941 -0.203197 -0.547351 -0.728193 0.412482 -0.308652 0.633767 0.709277 -0.777908 0.260910 -0.571651
