VERTEX_POSE A0 -0.542435 -0.778832 -0.783204 0.645393 0.093620 0.758092 0.509796 0.686290 -0.518762 -0.568837 0.721277 0.395200
VERTEX_POSE A1 -0.458729 0.828093 0.174885 -0.709432 0.623127 -0.329271 0.699110 0.681317 -0.216916 0.089172 -0.384084 -0.918982
VERTEX_POSE A2 -0.684826 0.315109 -0.929368 -0.182712 0.340897 0.922174 0.260420 0.921242 -0.288955 -0.948049 0.187357 -0.257099
VERTEX_POSE A3 -0.880616 -0.993780 -0.574736 -0.591076 0.629911 0.503828 -0.788189 -0.583793 -0.194793 0.171429 -0.512249 0.841554
VERTEX_POSE A4 0.028797 0.394272 -0.150934 0.562795 0.825684 -0.038821 0.531204 -0.325293 0.782309 -0.633312 0.460902 0.621680
VERTEX_POSE A5 -0.011428 -0.824378 0.471245 0.189922 0.865978 -0.462614 -0.980307 0.193234 -0.040738 -0.054115 -0.461240 -0.885624
VERTEX_POSE A6 -0.335358 -0.720240 0.430693 0.129659 -0.547918 -0.826423 0.877472 0.451547 -0.161707 -0.461770 0.704196 -0.539330
VERTEX_POSE A7 0.472113 -0.908076 0.948060 0.711214 -0.240433 0.660580 0.440172 0.884989 -0.151800 0.548108 -0.398732 -0.735249
VERTEX_POSE A8 -0.733341 0.597675 0.837670 -0.707009 0.296928 0.641850 0.187178 -0.796655 0.574722 -0.681984 -0.526474 -0.507664
VERTEX_POSE A9 0.469631 0.701870 -0.634938 -0.917518 -0.165714 -0.361523 0.359509 -0.734290 -0.575823 -0.170041 -0.658299 0.733300
VERTEX_POSE A10 -0.473904 -0.022563 -0.566512 -0.794110 0.109882 0.597759 -0.572630 0.194329 -0.796449 -0.203677 -0.974763 -0.091397
VERTEX_POSE A11 0.458557 -0.884682 -0.494498 -0.706044 0.695118 0.135323 -0.439638 -0.580049 0.685756 0.555175 0.424681 0.715141
VERTEX_POSE A12 -0.698914 -0.399844 0.774809 0.126925 0.707759 -0.694959 0.533478 0.541957 0.649372 -0.836236 0.453167 0.308786
VERTEX_POSE A13 0.053594 -0.249685 -0.700580 -0.311399 -0.795938 -0.519147 -0.452340 -0.356294 0.817583 0.835715 -0.489426 0.249085
VERTEX_POSE A14 0.199651 0.838263 0.551874 -0.074067 -0.660214 -0.747417 0.401213 0.666417 -0.628424 0.912985 -0.346418 0.215527
VERTEX_POSE A15 0.862115 -0.645043 -0.697763 0.825039 0.215283 -0.522459 0.565016 -0.300890 0.768259 -0.008190 0.929042 0.369884
VERTEX_POSE A16 0.752018 0.762822 0.370875 -0.487531 -0.851955 -0.191015 -0.867885 0.496765 -0.000528 0.095339 0.165522 -0.981587
VERTEX_POSE A17 0.851616 0.439947 -0.712010 -0.266970 -0.920693 0.284694 -0.437350 0.378993 0.815530 0.858750 -0.093212 0.503845
VERTEX_POSE A18 0.671473 0.810960 0.441901 -0.218086 -0.874580 -0.433068 0.585023 -0.472337 0.659276 -0.781144 -0.109576 0.614660
VERTEX_POSE A19 0.625944 -0.295347 0.853968 -0.597421 -0.787434 0.151777 -0.419047 0.467909 0.778114 -0.683730 0.401260 -0.609511
VERTEX_POSE A20 -0.466724 0.160141 -0.340578 0.522631 -0.012289 -0.852471 -0.187451 0.973772 -0.128960 -0.831696 -0.227195 -0.506620
VERTEX_POSE A21 -0.467308 0.807400 0.461359 -0.780294 -0.169772 0.601929 0.364968 0.657968 0.658693 0.507878 -0.733659 0.451448
VERTEX_POSE A22 -0.240175 -0.913272 0.946381 0.570700 0.814409 -0.105068 -0.110774 0.203135 0.972864 0.813652 -0.543575 0.206145
VERTEX_POSE A23 0.581601 -0.535535 0.381824 -0.796260 0.201625 0.570366 -0.599005 -0.130865 -0.789980 -0.084639 -0.970681 0.224977
VERTEX_POSE A24 -0.963300 0.959929 0.181143 0.360578 0.477988 -0.800944 -0.385963 -0.705279 -0.594655 -0.849126 0.523554 -0.069823
VERTEX_POSE A25 0.175504 0.967823 0.636235 0.830918 -0.123341 0.542552 0.342279 0.882089 -0.323671 0.438658 -0.454648 -0.775161
VERTEX_POSE A26 0.894704 -0.293943 -0.900418 0.077208 -0.575445 -0.814188 0.401125 0.765546 -0.503029 0.912764 -0.287753 0.289932
VERTEX_POSE A27 -0.339579 -0.685477 -0.419863 -0.627885 0.302748 -0.717011 -0.762242 -0.425404 0.487872 -0.157317 0.852863 0.497871
VERTEX_POSE A28 -0.466933 -0.433066 -0.212495 0.900633 -0.279657 -0.332643 0.344325 -0.007799 0.938818 -0.265141 -0.960068 0.089269
VERTEX_POSE A29 0.201571 0.918800 0.673425 0.255955 0.832985 0.490534 0.788192 -0.473617 0.392989 -0.559679 -0.286048 0.777776
VERTEX_POSE A30 0.665566 0.617179 -0.542400 -0.610223 0.345915 0.712721 0.061086 0.917505 -0.393005 -0.789871 -0.196284 -0.581013
VERTEX_POSE A31 -0.009368 -0.211898 0.004301 -0.765483 0.606494 0.214946 -0.007525 0.325588 -0.945482 -0.643412 -0.725368 -0.244668
VERTEX_POSE A32 0.742842 0.746892 -0.151690 -0.777026 -0.367726 -0.510890 -0.298122 -0.499840 0.813193 -0.554396 0.784180 0.278761
VERTEX_POSE A33 0.980740 -0.067712 -0.471768 0.256748 0.308809 0.915815 -0.966475 0.084503 0.242456 -0.002516 -0.947363 0.320152
VERTEX_POSE A34 0.110016 -0.205678 0.429566 0.624890 -0.642250 0.443876 -0.078933 0.513666 0.854352 -0.776712 -0.568913 0.270290
VERTEX_POSE A35 -0.228361 0.141165 0.697377 0.826878 0.487763 -0.279927 0.334684 -0.826813 -0.452070 -0.451950 0.280120 -0.846920
VERTEX_POSE A36 -0.030689 0.107910 0.999476 0.839860 0.524612 -0.139346 0.457768 -0.822505 -0.337541 -0.291691 0.219699 -0.930940
VERTEX_POSE A37 0.774658 0.074082 -0.139741 0.028480 0.588919 -0.807690 -0.813185 -0.456248 -0.361343 -0.581309 0.667092 0.465906
VERTEX_POSE A38 -0.756248 0.233089 0.645436 0.806977 -0.253432 -0.533442 0.411075 0.889561 0.199245 0.424034 -0.380071 0.822035
VERTEX_POSE A39 0.235970 -0.294415 0.837146 -0.498444 -0.866872 0.009252 0.554172 -0.310401 0.772363 0.666668 -0.390108 -0.635114
VERTEX_POSE A40 0.244290 -0.224048 0.225320 -0.022981 0.209514 0.977536 -0.402985 -0.896779 0.182732 0.914918 -0.389733 0.105040
VERTEX_POSE A41 -0.230152 -0.789474 -0.921076 -0.198041 0.979582 0.034613 0.419314 0.116585 -0.900324 0.885977 0.163788 0.433841
VERTEX_POSE A42 -0.305472 -0.179097 -0.657353 -0.639430 0.228227 -0.734195 0.562689 0.789655 -0.244594 -0.523937 0.569524 0.633350
VERTEX_POSE A43 0.545376 0.376108 0.000129 0.674723 0.530110 0.513549 0.571991 -0.815299 0.090083 -0.466450 -0.232964 0.853319
VERTEX_POSE A44 0.823442 -0.039158 -0.621656 0.215610 0.809393 0.546256 0.904652 -0.376154 0.200282 -0.367583 -0.450989 0.813321
VERTEX_POSE A45 0.894179 -0.340834 0.894522 -0.990729 0.083354 0.107272 0.047316 -0.528470 0.847632 0.127344 0.844850 0.519627
VERTEX_POSE A46 0.407491 0.731065 0.302366 0.072124 -0.734517 0.674747 0.620999 0.562454 0.545899 0.780486 -0.379645 -0.496701
VERTEX_POSE A47 0.575460 -0.276337 0.749219 -0.134482 0.990167 -0.038520 -0.796941 -0.131177 -0.589642 0.588897 0.048598 -0.806746
VERTEX_POSE A48 0.745795 -0.900887 -0.817488 0.768250 0.429745 -0.474459 -0.249054 -0.482124 -0.839958 0.589715 -0.763463 0.263362
VERTEX_POSE A49 0.078963 0.542025 -0.255733 -0.799438 0.374087 0.470062 0.557774 0.171578 0.812065 0.223131 0.911383 -0.345822
VERTEX_POSE A50 0.201404 0.428316 0.603187 0.557381 0.226825 -0.798672 -0.236483 -0.878738 -0.414602 -0.795866 0.419964 -0.436152
VERTEX_POSE A51 -0.720929 0.259254 -0.158066 -0.362782 -0.781811 0.507111 -0.776032 0.554736 0.300071 0.515911 0.284674 0.807958
VERTEX_POSE A52 0.611655 0.349425 -0.794374 0.508510 -0.759009 0.406598 -0.860883 -0.457631 0.222385 -0.017280 0.463119 0.886128
VERTEX_POSE A53 0.961229 0.515044 0.549567 0.890801 0.443347 -0.099590 -0.443750 0.801619 -0.400615 0.097778 -0.401061 -0.910818
VERTEX_POSE A54 0.860672 0.723719 -0.776242 0.741148 -0.601756 -0.297639 0.122278 0.556934 -0.821506 -0.660112 -0.572463 -0.486352
VERTEX_POSE A55 0.648354 0.309354 0.386769 -0.708165 -0.312433 0.633157 -0.533200 -0.351178 -0.769657 -0.462817 0.882644 -0.082103
VERTEX_POSE A56 0.136733 0.482868 0.185802 0.701592 0.685025 -0.196237 0.242891 -0.488797 -0.837903 0.669904 -0.540202 0.509323
VERTEX_POSE A57 0.755376 -0.570224 -0.676661 0.900869 -0.306106 -0.307788 -0.328870 -0.018484 -0.944194 -0.283334 -0.951818 0.117321
VERTEX_POSE A58 -0.691225 0.623877 0.966906 0.652362 0.280557 -0.704068 -0.738856 0.028438 -0.673263 -0.168867 0.959416 0.225843
VERTEX_POSE A59 0.669800 -0.950199 0.973307 -0.871995 0.374378 0.315383 -0.257654 0.196792 -0.945985 0.416221 0.906153 0.075141
VERTEX_POSE A60 -0.043053 -0.651424 0.996765 0.529895 -0.209420 -0.821799 -0.620521 -0.756269 -0.207390 -0.578070 0.619839 -0.530693
VERTEX_POSE A61 0.974342 0.241057 -0.575494 -0.093299 -0.326195 -0.940687 -0.377142 -0.862824 0.336600 -0.921444 0.386176 -0.042522
VERTEX_POSE A62 -0.339568 -0.162096 -0.022392 0.305885 0.185273 -0.933868 0.615613 -0.786731 0.045560 -0.726261 -0.588837 -0.354705
VERTEX_POSE A63 -0.300211 -0.904532 -0.154925 0.198293 -0.508127 -0.838145 -0.656704 0.565930 -0.498462 0.727613 0.649254 -0.221469
VERTEX_POSE A64 0.955081 -0.826655 -0.047262 -0.622433 -0.746401 -0.235505 0.252894 0.092961 -0.963018 0.740690 -0.658972 0.130898
VERTEX_POSE A65 0.770448 0.632225 -0.592827 -0.435389 0.293441 -0.851075 0.614773 0.787533 -0.042970 0.657640 -0.541927 -0.523283
VERTEX_POSE A66 0.471428 0.236633 -0.457548 0.447831 0.392733 0.803249 0.496295 -0.856454 0.142050 -0.743733 -0.335034 0.578458
VERTEX_POSE A67 -0.075608 0.281255 -0.047786 0.709942 0.055301 0.702086 0.592752 0.491409 -0.638092 0.380299 -0.869171 -0.316092
VERTEX_POSE A68 0.545106 -0.293692 0.267432 -0.533159 -0.801995 -0.269344 -0.802036 0.377831 0.462582 -0.269222 0.462654 -0.844672
VERTEX_POSE A69 0.715180 -0.530278 -0.812112 -0.578592 -0.035065 0.814863 0.158855 -0.984788 0.070418 0.799998 0.170188 0.575361
VERTEX_POSE A70 -0.839637 0.986840 -0.210640 0.553523 -0.464741 -0.691106 -0.818614 -0.456293 -0.348809 0.153241 -0.758823 0.633012
VERTEX_POSE A71 -0.210604 0.482260 -0.507248 0.667633 0.669211 0.326226 0.338985 -0.663380 0.667095 0.662839 -0.334788 -0.669747
VERTEX_POSE A72 -0.514972 -0.319752 -0.733188 0.922176 0.180338 -0.342156 0.377634 -0.610976 0.695773 -0.083575 -0.770835 -0.631529
VERTEX_POSE A73 -0.145109 -0.192256 0.132008 -0.614552 -0.787340 -0.049218 0.628069 -0.526078 0.573386 0.477342 -0.321463 -0.817806
VERTEX_POSE A74 -0.665228 -0.141632 0.492882 -0.847535 0.231900 0.477397 -0.353695 -0.917429 -0.182274 -0.395708 0.323336 -0.859575
VERTEX_POSE A75 -0.691530 0.641090 -0.354844 0.598859 0.177861 -0.780854 -0.704237 0.581225 -0.407710 0.381336 0.794068 0.473328
VERTEX_POSE A76 -0.250930 0.466910 0.026529 0.655202 0.408455 0.635512 0.285559 0.644913 -0.708903 -0.699405 0.645950 0.305910
VERTEX_POSE A77 0.742262 -0.410567 -0.204752 0.703749 -0.655773 -0.273311 0.578017 0.304823 0.756954 0.413079 0.690684 -0.593567
VERTEX_POSE A78 0.883930 -0.635247 -0.605625 -0.579347 -0.544834 -0.606229 0.403830 0.454196 -0.794121 0.708010 -0.704885 -0.043116
VERTEX_POSE A79 -0.505136 0.566023 0.209041 0.363881 0.506049 0.781988 0.283054 0.739762 -0.610436 0.887395 -0.443471 -0.125946
VERTEX_POSE A80 -0.178775 -0.868542 0.539515 -0.050648 -0.127279 0.990573 0.509081 -0.856607 -0.084036 0.859227 0.500025 0.108180
VERTEX_POSE A81 0.085334 0.793069 0.997562 0.742028 -0.162414 0.650397 -0.372454 0.706800 0.601425 -0.557380 -0.688517 0.463973
VERTEX_POSE A82 -0.226065 -0.174723 -0.949025 -0.532387 -0.840570 0.100034 0.551625 -0.434137 -0.712205 -0.642086 0.323987 -0.694808
VERTEX_POSE A83 -0.567120 0.480883 0.745141 0.550768 -0.657228 0.514495 0.834637 0.429298 -0.345086 0.005929 0.619479 0.784991
VERTEX_POSE A84 0.046563 0.308113 0.547130 -0.784679 0.070146 -0.615921 0.155896 -0.939315 -0.305587 0.599979 0.335807 -0.726125
VERTEX_POSE A85 -0.365393 -0.451003 -0.725267 -0.342128 -0.626078 -0.700696 0.664112 -0.688654 0.291053 -0.664759 -0.365763 0.651393
VERTEX_POSE A86 -0.918765 -0.209762 0.131910 0.657874 -0.670942 0.342111 0.705359 0.389703 -0.592115 0.263953 0.630848 0.729630
VERTEX_POSE A87 -0.816704 -0.209019 -0.267069 -0.054044 0.892498 -0.447803 -0.928310 0.120304 0.351807 0.367859 0.434713 0.822012
VERTEX_POSE A88 -0.610018 -0.021227 -0.401927 0.149211 -0.578011 0.802271 0.590594 -0.598637 -0.541140 0.793054 0.554561 0.252047
VERTEX_POSE A89 -0.609990 -0.585885 0.098816 -0.262099 0.954007 0.145516 -0.772289 -0.116932 -0.624417 -0.578682 -0.276040 0.767417
VERTEX_POSE A90 0.853096 -0.159218 -0.293762 -0.558484 0.071464 -0.826431 -0.509952 -0.815361 0.274107 0.654251 -0.574525 -0.491809
VERTEX_POSE A91 0.346929 0.327349 -0.405163 -0.578035 -0.788578 0.209811 0.201302 0.111369 0.973177 -0.790793 0.604766 0.094367
VERTEX_POSE A92 -0.635648 0.655172 0.523322 0.863612 0.362761 0.350111 0.340363 0.092787 -0.935705 -0.371923 0.927251 -0.043339
VERTEX_POSE A93 -0.486472 0.678686 0.683846 0.535146 -0.808602 -0.244502 -0.137964 -0.369205 0.919050 0.833417 0.458094 0.309137
VERTEX_POSE A94 -0.953282 0.422817 0.439912 -0.582787 -0.651358 0.485894 0.776338 -0.269588 0.569756 -0.240124 0.709264 0.662786
VERTEX_POSE A95 -0.680567 0.828517 -0.523940 0.714281 0.245045 -0.655558 -0.671759 0.502812 -0.543985 0.196321 0.828935 0.523760
VERTEX_POSE A96 -0.716024 0.310911 -0.908980 -0.778498 0.538238 -0.322862 0.619889 0.739976 -0.261099 0.098377 -0.403404 -0.909718
VERTEX_POSE A97 0.518145 -0.340550 0.982364 0.539116 0.134935 0.831352 0.594427 -0.760244 -0.262081 -0.596666 -0.635470 0.490068
VERTEX_POSE A98 0.243825 0.109772 0.428275 -0.535557 -0.144199 -0.832097 -0.427186 0.896214 0.119637 0.728485 0.419532 -0.541573
VERTEX_POSE A99 0.829083 -0.982781 0.358452 -0.923738 0.341067 0.174301 0.091674 0.638711 -0.763966 0.371892 0.689725 0.621269
VERTEX_POSE A100 0.233326 0.129172 -0.829748 0.044286 0.517240 -0.854694 -0.902541 -0.346088 -0.256209 -0.428320 0.782743 0.451504
VERTEX_POSE A101 0.404188 0.096612 -0.782365 0.857923 0.241273 -0.453603 -0.507724 0.262991 -0.820398 0.078646 -0.934143 -0.348126
VERTEX_POSE A102 -0.381522 0.499479 0.851204 -0.504548 0.774338 0.381879 -0.150881 -0.514578 0.844064 -0.850098 -0.368252 -0.376462
VERTEX_POSE A103 0.718354 0.809420 -0.562936 -0.848390 -0.451793 0.275893 -0.272604 0.819617 0.503900 -0.453785 0.352294 -0.818516
VERTEX_POSE A104 -0.740921 0.904356 0.349643 -0.659096 0.183816 -0.729249 -0.276317 0.842661 0.462138 -0.699458 -0.506097 0.504603
VERTEX_POSE A105 -0.046750 -0.642153 0.344086 -0.642915 -0.181739 -0.744064 -0.425749 -0.722746 0.544405 -0.636708 0.666791 0.387289
VERTEX_POSE A106 -0.973176 0.450509 0.082220 -0.710530 -0.016641 0.703470 0.213783 -0.957570 0.193277 -0.670406 -0.287719 -0.683940
VERTEX_POSE A107 0.008149 0.371266 -0.623828 -0.970370 0.085555 0.225970 0.199917 0.809529 0.551992 -0.135704 0.580812 -0.802647
VERTEX_POSE A108 -0.304488 -0.052720 -0.860666 -0.614123 0.588575 0.525768 -0.525008 -0.802082 0.284661 -0.589253 0.101215 -0.801584
VERTEX_POSE A109 0.910754 0.815262 0.476596 -0.061413 -0.971842 -0.227488 -0.953977 -0.009873 0.299716 -0.293523 0.235425 -0.926509
VERTEX_POSE A110 0.503013 -0.062711 0.585213 0.110286 0.959943 0.257579 -0.849344 -0.043571 0.526038 0.516189 -0.276788 0.810517
VERTEX_POSE A111 0.516738 0.078738 0.678849 0.502325 0.862299 0.064109 0.621071 -0.308226 -0.720602 0.601614 -0.401793 0.690379
VERTEX_POSE A112 -0.003912 0.608331 0.474158 -0.644771 -0.452204 0.616265 -0.507842 0.855996 0.096782 -0.571286 -0.250563 -0.781569
VERTEX_POSE A113 -0.723052 0.762567 0.636188 0.099307 -0.266972 -0.958574 0.954887 -0.245383 0.167267 0.279874 0.931940 -0.230560
VERTEX_POSE A114 0.949618 -0.440379 0.423990 0.310011 0.861257 0.402653 -0.084521 0.446808 -0.890628 0.946969 -0.242072 -0.211309
VERTEX_POSE A115 -0.957349 -0.083556 0.021287 0.623679 -0.746037 -0.233353 -0.780385 -0.611433 -0.130952 -0.044985 0.263777 -0.963534
VERTEX_POSE A116 -0.088446 -0.688437 0.910921 0.554455 -0.594794 0.582065 0.800577 0.572225 -0.177863 -0.227280 0.564605 0.793451
VERTEX_POSE A117 -0.969148 0.349858 -0.444100 0.688567 0.056384 -0.722977 -0.667002 -0.341992 -0.661928 0.284575 -0.938010 0.197876
VERTEX_POSE A118 -0.774053 0.707426 0.754219 -0.216976 -0.579942 0.785232 -0.973383 0.067719 -0.218952 0.073804 -0.811839 -0.579199
VERTEX_POSE A119 0.301537 0.290336 -0.491006 0.139670 0.614121 0.776754 0.156417 0.760911 -0.629721 -0.977766 0.209451 0.010218
VERTEX_POSE A120 -0.579138 0.763973 0.654716 0.728759 0.177514 0.661362 0.523716 -0.766723 -0.371292 -0.441172 -0.616948 0.651723
VERTEX_POSE A121 -0.920957 -0.451792 -0.539543 0.643149 0.484465 0.593003 0.420663 0.423562 -0.802271 -0.639846 0.765434 0.068617
VERTEX_POSE A122 -0.351535 -0.382315 0.103831 -0.757489 0.414222 -0.504610 -0.040514 0.741621 0.669595 -0.651590 -0.527654 0.544988
VERTEX_POSE A123 -0.214786 0.419145 0.178038 0.930476 0.119732 0.346236 0.144494 0.748534 -0.647162 -0.336655 0.652197 0.679192
VERTEX_POSE A124 -0.407428 -0.773106 -0.855697 0.809846 0.556328 0.186143 0.523202 -0.541423 -0.658119 -0.265348 0.630365 -0.729541
VERTEX_POSE A125 -0.304817 -0.959498 -0.456257 0.554923 0.530317 0.640955 0.602821 0.274623 -0.749126 0.573295 -0.802088 0.167292
VERTEX_POSE A126 0.104647 0.247662 0.654099 0.464484 -0.407294 -0.786363 -0.501708 -0.852742 0.145329 -0.729756 0.327022 -0.600427
VERTEX_POSE A127 -0.123452 0.537805 -0.764677 -0.392659 -0.818532 -0.419314 0.165605 0.385551 -0.907703 0.904651 -0.425858 -0.015837
VERTEX_POSE A128 -0.786672 -0.300048 -0.473893 -0.192558 0.187092 -0.963285 -0.795503 0.544995 0.264870 -0.574540 -0.817299 -0.043889
VERTEX_POSE A129 -0.651528 -0.642566 0.082373 -0.190335 -0.980706 -0.044588 0.962829 -0.195347 0.186547 -0.191658 -0.007425 0.981434
VERTEX_POSE A130 -0.294370 0.555025 0.593775 -0.183726 -0.682949 -0.706983 0.861034 -0.458775 0.219420 0.474199 0.568424 -0.672332
VERTEX_POSE A131 0.446654 0.829124 -0.303641 -0.544863 -0.763593 -0.346482 -0.834524 0.534122 0.135215 0.081814 0.362821 -0.928260
VERTEX_POSE A132 0.752660 0.454046 0.300008 -0.584854 -0.105843 0.804203 -0.808763 0.000271 -0.588135 -0.062032 0.994383 0.085760
VERTEX_POSE A133 0.324109 0.054504 0.444979 -0.071615 0.856787 -0.510673 -0.957233 -0.202925 -0.206221 0.280316 -0.474065 -0.834677
VERTEX_POSE A134 0.165007 0.638544 0.133423 0.703757 0.696742 -0.138843 0.700243 -0.647284 0.301136 -0.119943 0.309151 0.943419
VERTEX_POSE A135 -0.988261 0.358402 -0.350349 0.055058 0.486451 0.871971 0.313097 -0.837661 0.447541 -0.948124 -0.248371 0.198426
VERTEX_POSE A136 -0.722641 0.412350 -0.210935 -0.448766 -0.693466 -0.563662 0.881779 -0.241151 -0.405353 -0.145171 0.678934 -0.719704
VERTEX_POSE A137 0.191831 0.089053 -0.784357 0.271724 0.863540 0.424812 0.292871 -0.494682 0.818240 0.916729 -0.097920 -0.387323
VERTEX_POSE A138 0.019887 -0.270332 0.025823 -0.638303 -0.272623 -0.719893 -0.113945 -0.891423 0.438613 -0.761305 0.361996 0.537934
VERTEX_POSE A139 -0.027129 -0.640370 -0.071601 -0.914955 0.385713 -0.118669 -0.371258 -0.689246 0.622179 -0.158190 -0.613323 -0.773828
VERTEX_POSE A140 0.102585 -0.095685 0.692239 0.826674 -0.562475 0.015234 -0.436057 -0.657517 -0.614432 -0.355619 -0.501292 0.788823
VERTEX_POSE A141 -0.477100 0.666958 -0.388964 0.803705 0.163436 0.572142 0.566824 0.082234 -0.819725 -0.181022 0.983121 -0.026547
VERTEX_POSE A142 -0.510392 0.438367 -0.392752 -0.472499 0.384219 0.793172 -0.486369 0.636844 -0.598226 -0.734977 -0.668435 -0.114036
VERTEX_POSE A143 -0.901327 -0.487354 0.166397 -0.588938 0.727767 -0.351437 0.411075 -0.104642 -0.905576 0.695823 0.677795 0.237539
VERTEX_POSE A144 -0.200152 0.429524 -0.752776 0.392133 0.919008 0.040689 -0.575967 0.279768 -0.768110 0.717282 -0.277766 -0.639024
VERTEX_POSE A145 -0.560774 0.997988 -0.968762 0.514198 0.261179 -0.816937 -0.208728 -0.885761 -0.414561 0.831885 -0.383684 0.400941
VERTEX_POSE A146 -0.858676 0.429091 -0.812316 -0.398078 -0.847192 -0.351852 -0.564201 -0.076325 0.822102 -0.723333 0.525776 -0.447603
VERTEX_POSE A147 0.711402 0.741088 -0.841855 0.777567 0.559817 -0.286346 -0.405403 0.794422 0.452263 0.480664 -0.235580 0.844668
VERTEX_POSE A148 -0.529922 0.347846 -0.412862 -0.571902 0.384649 0.724551 -0.452055 0.589260 -0.669641 0.684525 0.710505 0.163117
VERTEX_POSE A149 -0.632729 0.136516 0.941903 -0.969320 -0.007833 0.245678 0.064361 -0.972709 0.222923 -0.237227 -0.231895 -0.943371
VERTEX_POSE A150 0.012938 0.031424 -0.332861 -0.406503 -0.393507 -0.824565 0.655871 -0.753990 0.036489 0.636073 0.525976 -0.564589
VERTEX_POSE A151 -0.109059 0.111819 -0.758146 -0.618919 -0.604952 -0.500972 -0.600354 -0.046919 0.798357 0.506472 -0.794879 0.334146
VERTEX_POSE A152 -0.553686 0.684724 -0.597640 0.533775 -0.718972 -0.445156 -0.642760 -0.687027 0.338901 -0.549495 0.105232 -0.828844
VERTEX_POSE A153 0.661404 0.649109 0.770970 0.879696 0.440864 -0.178254 0.445107 -0.631430 0.634961 0.167377 -0.637914 -0.751698
VERTEX_POSE A154 0.676154 -0.469036 0.419893 -0.599227 -0.273958 -0.752246 -0.229739 -0.841264 0.489383 0.766908 -0.466072 -0.441169
VERTEX_POSE A155 0.038886 0.911618 -0.453336 0.767016 0.590937 -0.249960 0.068752 0.311634 0.947712 0.637933 -0.744095 0.198401
VERTEX_POSE A156 -0.643413 0.689611 -0.685287 -0.761125 -0.216558 0.611385 -0.430212 -0.536860 -0.725740 -0.485393 0.815404 -0.315452
VERTEX_POSE A157 -0.219199 0.778626 0.073991 -0.068313 0.733511 -0.676235 0.994721 0.102106 0.010268 0.076580 -0.671964 -0.736614
VERTEX_POSE A158 0.915434 0.449424 -0.218014 -0.634363 -0.288058 0.717360 0.582278 0.432325 0.688511 0.508463 -0.854470 0.106521
VERTEX_POSE A159 -0.430085 -0.610437 -0.159180 0.600711 -0.789073 0.128488 -0.750891 -0.501711 0.429475 -0.274424 -0.354471 -0.893891
VERTEX_POSE A160 0.129273 -0.863941 -0.843635 0.939350 0.187477 -0.287184 -0.015088 -0.813966 -0.580717 0.342629 -0.549829 0.761770
VERTEX_POSE A161 -0.378936 0.004448 -0.624239 0.593831 0.745058 -0.303733 0.777075 -0.628966 -0.023589 0.208613 0.222016 0.952465
VERTEX_POSE A162 -0.983432 -0.781313 0.537178 0.091490 0.463395 0.881417 0.986807 -0.160918 -0.017828 0.133575 0.871419 -0.472003
VERTEX_POSE A163 -0.118068 0.590105 0.456373 0.985896 0.165722 0.023366 0.031298 -0.319719 0.946995 -0.164409 0.932907 0.320396
VERTEX_POSE A164 0.945173 -0.941048 0.820740 -0.529525 0.562918 0.634607 -0.690689 0.148223 -0.707798 -0.492496 -0.813113 0.310314
VERTEX_POSE A165 0.181576 0.857231 -0.329399 -0.776413 0.628499 0.046598 0.397714 0.431272 0.809832 0.488882 0.647297 -0.584808
VERTEX_POSE A166 -0.106329 -0.051493 -0.893976 0.969402 0.173188 0.173968 -0.240984 0.806384 0.540066 -0.046752 -0.565465 0.823446
VERTEX_POSE A167 -0.777468 0.471302 -0.390196 0.464352 -0.433060 0.772552 0.471433 0.859311 0.198333 -0.749752 0.272110 0.603181
VERTEX_POSE A168 -0.626593 -0.053716 -0.113755 0.080672 0.703912 0.705691 -0.776055 0.488648 -0.398701 -0.625485 -0.515491 0.585694
VERTEX_POSE A169 0.913558 0.678175 0.131847 0.287808 0.186807 0.939292 0.370205 0.882847 -0.289015 0.883241 -0.430911 -0.184934
VERTEX_POSE A170 0.195402 0.830932 0.538203 -0.081047 -0.899802 0.428705 -0.474889 -0.343300 -0.810325 -0.876306 0.269262 0.399482
VERTEX_POSE A171 0.475992 0.850600 -0.421516 -0.043497 -0.942710 -0.330765 0.847423 0.140537 -0.511981 0.529134 -0.302568 0.792761
VERTEX_POSE A172 -0.563542 0.345133 0.742882 -0.558898 -0.290175 -0.776808 0.782485 -0.494648 -0.378208 -0.274500 -0.819220 0.503515
VERTEX_POSE A173 0.685011 0.269300 -0.854549 -0.796595 -0.401924 0.451545 0.141888 0.601776 0.785960 -0.587625 0.690161 -0.422344
VERTEX_POSE A174 0.574665 -0.636754 0.744881 0.892807 0.438048 0.104925 0.191854 -0.580562 0.791290 0.407538 -0.686339 -0.602371
VERTEX_POSE A175 0.236306 -0.225343 0.990106 -0.228941 0.546888 -0.805294 0.704162 0.664232 0.250901 0.672117 -0.509617 -0.537168
VERTEX_POSE A176 -0.875763 0.267288 -0.823311 0.760529 -0.420888 0.494417 -0.576045 -0.086001 0.812881 0.299612 0.903027 0.307856
VERTEX_POSE A177 0.715988 0.792337 0.932566 0.449760 -0.832731 -0.322915 -0.872485 -0.332312 -0.358245 0.191013 0.442863 -0.876006
VERTEX_POSE A178 -0.052292 -0.484255 -0.851749 0.130995 0.727685 0.673287 0.948123 0.106474 -0.299544 -0.289661 0.677598 -0.675987
VERTEX_POSE A179 -0.405685 -0.384866 -0.236173 0.888655 0.281247 -0.362204 0.452089 -0.404932 0.794761 -0.076856 0.870017 0.486994
VERTEX_POSE A180 -0.916741 -0.071146 0.874469 0.468735 -0.781824 -0.411144 -0.469621 0.173655 -0.865621 0.748160 0.598829 -0.285763
VERTEX_POSE A181 0.960646 0.547169 -0.184610 -0.719527 0.631938 0.287986 -0.041472 -0.453047 0.890522 0.693225 0.628811 0.352187
VERTEX_POSE A182 0.485256 0.726954 0.005681 0.282423 0.808764 -0.515886 0.951122 -0.166051 0.260372 0.124916 -0.564206 -0.816130
VERTEX_POSE A183 -0.470427 -0.386422 -0.723171 0.664527 -0.593255 0.454371 -0.392679 -0.794557 -0.463122 -0.635773 -0.129335 0.760963
VERTEX_POSE A184 0.622050 0.196278 -0.413640 -0.663990 -0.201814 -0.719992 -0.744572 0.267014 0.611814 0.068775 0.942324 -0.327560
VERTEX_POSE A185 0.161411 -0.742082 -0.574426 0.476760 -0.700989 -0.530391 -0.865993 -0.271008 -0.420250 0.150851 0.659673 -0.736258
VERTEX_POSE A186 0.568459 -0.474804 -0.176507 0.635347 0.692247 0.342240 -0.744747 0.666452 0.034548 0.204171 0.276832 -0.938977
VERTEX_POSE A187 0.978637 -0.114111 -0.098927 0.897485 0.347376 0.271756 0.413732 -0.449633 -0.791616 0.152799 -0.822897 0.547259
VERTEX_POSE A188 0.942211 -0.963456 0.499565 0.631637 -0.046810 -0.773850 -0.304357 -0.933010 -0.191986 0.713023 -0.356792 0.603571
VERTEX_POSE A189 0.483893 0.974620 0.605479 0.662908 0.656031 0.360798 -0.620694 0.212066 0.754829 -0.418678 0.724328 -0.547775
VERTEX_POSE A190 -0.451449 0.275452 0.741893 -0.759301 0.331300 0.560091 -0.545359 -0.793548 -0.269937 -0.355029 0.510414 -0.783219
VERTEX_POSE A191 0.071484 -0.827397 0.655930 0.161383 0.886789 0.433083 -0.518197 0.449616 -0.727542 -0.839897 -0.107009 0.532091
VERTEX_POSE A192 -0.895043 -0.020931 0.981240 -0.264656 -0.911447 -0.314995 0.952788 -0.297556 0.060463 0.148837 0.284122 -0.947165
VERTEX_POSE A193 -0.434880 0.494140 0.279071 -0.373727 -0.497823 0.782624 0.667711 -0.730057 -0.145532 0.643809 0.468177 0.605244
VERTEX_POSE A194 0.953416 0.762709 0.112303 -0.987327 -0.157807 0.016812 0.018373 -0.218881 -0.975578 0.157633 -0.962906 0.219007
VERTEX_POSE A195 -0.949871 0.038021 0.801980 -0.192455 -0.737176 -0.647714 0.975128 -0.217614 -0.042069 0.109939 0.639700 -0.760722
VERTEX_POSE A196 0.746696 0.351371 0.949672 0.116068 0.965931 -0.231313 -0.496460 -0.145288 -0.855815 -0.860265 0.214171 0.462683
VERTEX_POSE A197 -0.152913 -0.288784 0.218326 0.637689 -0.126353 0.759861 -0.207170 -0.978241 0.011195 -0.741912 0.164559 0.649990
VERTEX_POSE A198 -0.727339 -0.490677 -0.588216 -0.392725 0.694617 -0.602722 -0.566508 -0.698993 -0.436438 0.724456 -0.170047 -0.668018
VERTEX_POSE A199 -0.879897 -0.702345 -0.164083 0.418540 -0.608610 -0.674105 -0.889212 -0.123637 -0.440472 -0.184731 -0.783778 0.592931
VERTEX_POSE A200 -0.239355 -0.610609 -0.649827 0.439209 -0.225677 0.869578 0.886352 -0.049036 -0.460407 0.146544 0.972967 0.178493
VERTEX_POSE A201 0.468063 -0.659745 0.949987 0.697530 -0.715871 -0.031322 -0.342663 -0.294857 -0.891987 -0.629312 -0.632921 0.450974
VERTEX_POSE A202 0.596095 -0.851745 0.414401 -0.698278 -0.710925 -0.083628 0.104650 -0.216958 0.970555 -0.708135 0.668966 0.225896
VERTEX_POSE A203 0.197104 0.734525 -0.906945 0.920290 -0.336700 0.199246 0.279554 0.922205 0.267185 0.273706 0.190187 -0.942822
VERTEX_POSE A204 0.153074 0.609555 -0.904562 -0.183707 0.695011 -0.695134 0.373757 -0.604668 -0.703337 -0.909152 -0.389019 -0.148684
VERTEX_POSE A205 0.170759 -0.488499 0.159283 0.926882 0.272078 -0.258579 0.264557 0.015151 0.964251 -0.266269 0.962156 0.057937
VERTEX_POSE A206 -0.566590 -0.490818 -0.916839 -0.557313 -0.786532 -0.266025 -0.760841 0.355483 0.542912 0.332450 -0.504974 0.796541
VERTEX_POSE A207 0.277311 -0.123157 -0.727873 0.457379 0.480574 -0.748233 -0.866130 0.431442 -0.252341 -0.201551 -0.763483 -0.613573
VERTEX_POSE A208 -0.113252 -0.696162 0.091848 -0.844170 -0.259360 -0.469158 0.406933 -0.879748 -0.245864 -0.348974 -0.398467 0.848199
VERTEX_POSE A209 0.381117 0.024927 -0.768587 0.290145 -0.544113 -0.787246 -0.954079 -0.228502 -0.193700 -0.074493 0.807296 -0.585426
VERTEX_POSE A210 0.871627 0.491978 0.035954 0.474845 0.867750 -0.146738 -0.318487 0.324869 0.890520 -0.820420 0.376125 -0.430630
VERTEX_POSE A211 -0.029993 0.232692 -0.033683 -0.744129 0.484351 0.460083 -0.667047 -0.576179 -0.472298 -0.036333 0.658347 -0.751837
VERTEX_POSE A212 0.341764 -0.427904 0.046803 0.190429 0.664806 0.722337 -0.854726 0.474210 -0.211110 -0.482887 -0.577199 0.658530
VERTEX_POSE A213 0.356883 0.218931 -0.958364 -0.212781 0.974269 -0.074323 0.973791 0.205192 -0.098115 -0.080340 -0.093252 -0.992396
VERTEX_POSE A214 0.499580 0.846270 0.243146 -0.321296 -0.431254 -0.843083 0.307885 -0.889491 0.337658 0.895531 0.151084 -0.418566
VERTEX_POSE A215 -0.036186 0.768374 0.633163 0.356722 -0.666546 -0.654573 0.846987 -0.064871 0.527640 -0.394160 -0.742636 0.541415
VERTEX_POSE A216 -0.481707 0.476850 -0.532790 0.871818 -0.489662 -0.012798 0.436466 0.788433 -0.433441 0.222330 0.372296 0.901091
VERTEX_POSE A217 0.068039 -0.628533 -0.933361 -0.847869 0.389030 -0.360240 -0.457205 -0.880503 0.125216 0.268480 -0.270870 -0.924418
VERTEX_POSE A218 -0.057549 -0.345737 -0.465764 -0.599974 0.585245 -0.545453 0.182813 0.764054 0.618709 0.778852 0.271494 -0.565403
VERTEX_POSE A219 -0.539495 0.513394 0.966775 0.854775 -0.005718 0.518967 0.171496 -0.940659 -0.292831 0.489845 0.339306 -0.803071
VERTEX_POSE A220 -0.448069 -0.653913 0.672118 0.496804 0.854838 0.149792 -0.747982 0.509283 -0.425621 -0.440123 0.099408 0.892418
VERTEX_POSE A221 0.491002 0.929715 -0.723871 0.408000 -0.817652 0.406179 0.788309 0.091078 -0.608501 0.460548 0.568463 0.681722
VERTEX_POSE A222 0.531989 0.685997 0.622705 0.087493 -0.861186 -0.500703 -0.944045 -0.232132 0.234294 0.318000 -0.452187 0.833309
VERTEX_POSE A223 -0.343112 0.325155 0.653359 0.560468 -0.310844 -0.767627 -0.653277 0.403758 -0.640476 0.509023 0.860439 0.023226
VERTEX_POSE A224 -0.943878 0.423855 0.555200 -0.283422 0.839580 -0.463441 0.747888 -0.108985 -0.654818 0.600280 0.532191 0.597023
VERTEX_POSE A225 0.485405 0.448706 -0.264993 -0.306525 -0.929711 0.204156 -0.752962 0.105619 -0.649533 -0.582315 0.352820 0.732412
VERTEX_POSE A226 -0.292983 -0.636824 0.455338 -0.370019 0.926439 -0.069258 -0.501575 -0.261966 -0.824497 -0.781990 -0.270341 0.561611
VERTEX_POSE A227 0.802818 -0.224774 0.504872 0.329444 -0.871933 -0.362216 -0.355884 0.240662 -0.903011 0.874536 0.426398 -0.231022
VERTEX_POSE A228 -0.667507 -0.840078 0.953334 0.699495 0.525589 0.484213 -0.183398 0.786898 -0.589201 0.690704 -0.323340 -0.646823
VERTEX_POSE A229 -0.020322 -0.127501 0.867122 0.613195 -0.245364 0.750859 0.690084 0.628966 -0.358030 -0.384417 0.737698 0.555001
VERTEX_POSE A230 0.922920 0.072881 -0.659211 -0.215068 -0.417375 0.882918 -0.533858 0.807282 0.251579 -0.817766 -0.417246 -0.396439
VERTEX_POSE A231 0.093138 -0.450687 -0.696493 -0.087750 0.095017 -0.991601 -0.746766 0.652533 0.128611 -0.659273 -0.751779 -0.013696
VERTEX_POSE A232 -0.552259 0.212754 0.817110 0.265525 0.639010 -0.721916 0.183744 0.701528 0.688546 -0.946433 0.315474 -0.068859
VERTEX_POSE A233 0.519015 0.221136 0.755191 0.735575 0.161654 0.657873 -0.504435 -0.517512 0.691178 0.452189 -0.840268 -0.299125
VERTEX_POSE A234 -0.709758 -0.716162 -0.603438 0.996748 0.075644 0.027765 0.079240 -0.857623 -0.508137 0.014626 -0.508685 0.860829
VERTEX_POSE A235 0.600816 -0.177691 0.912548 0.009811 -0.999614 -0.025974 0.878622 0.021019 -0.477055 0.477417 -0.018141 0.878490
VERTEX_POSE A236 -0.310226 0.732637 -0.085527 -0.423829 0.823512 -0.377090 0.549005 0.564710 0.616195 0.720390 0.054137 -0.691453
VERTEX_POSE A237 -0.276349 -0.206980 -0.520276 -0.600086 0.617297 -0.508765 0.761566 0.246252 -0.599480 0.244773 0.747198 0.617884
VERTEX_POSE A238 -0.121873 0.699153 -0.815325 -0.050129 0.848823 0.526295 -0.781588 0.294722 -0.549782 0.621778 0.438905 -0.648656
VERTEX_POSE A239 0.576522 -0.963524 -0.993679 -0.676722 -0.714418 -0.177915 -0.332485 0.512159 -0.791926 -0.656887 0.476760 0.584122
VERTEX_POSE A240 -0.895231 0.817947 -0.288863 0.919197 -0.317066 0.233552 -0.204933 0.121297 0.971231 -0.336274 -0.940615 0.046518
VERTEX_POSE A241 -0.250246 0.191131 0.220629 0.718171 0.650462 -0.247242 0.656354 -0.515174 0.551176 0.231147 -0.558117 -0.796917
VERTEX_POSE A242 -0.453472 0.269168 -0.027362 0.512512 -0.709227 0.484076 -0.749752 -0.094806 0.654893 -0.418574 -0.698577 -0.580333
VERTEX_POSE A243 0.446532 -0.609957 0.757940 -0.648922 -0.750117 0.127375 -0.328538 0.125252 -0.936149 0.686267 -0.649336 -0.327721
VERTEX_POSE A244 -0.893363 -0.589938 0.262265 0.628331 -0.776743 -0.043249 0.762682 0.604090 0.231068 -0.153354 -0.178173 0.971976
VERTEX_POSE A245 -0.953892 0.115438 -0.784216 0.499183 -0.782580 -0.372000 -0.511969 0.079985 -0.855272 -0.699073 -0.617390 0.360730
VERTEX_POSE A246 -0.589654 -0.841583 0.391103 -0.524905 0.851013 0.015884 0.153922 0.113260 -0.981570 -0.837128 -0.512786 -0.190440
VERTEX_POSE A247 -0.375070 0.886912 0.729475 -0.392800 -0.726318 -0.564066 -0.762945 -0.085075 0.640841 -0.513442 0.682074 -0.520724
VERTEX_POSE A248 0.114147 0.486905 -0.717577 0.813846 -0.577369 0.065581 0.485969 0.614411 -0.621558 0.318574 0.537722 0.780619
VERTEX_POSE A249 0.352797 -0.187321 0.925339 0.258296 0.145725 0.955012 -0.799618 -0.522492 0.295994 0.542120 -0.840099 -0.018433
VERTEX_POSE A250 0.085435 0.400305 0.696250 0.158440 -0.499812 -0.851519 -0.939120 -0.342577 0.026341 0.304876 -0.795505 0.523662
VERTEX_POSE A251 0.666078 0.832991 0.954542 -0.257072 -0.485298 0.835703 -0.863994 -0.271986 -0.423719 0.432929 -0.830969 -0.349375
VERTEX_POSE A252 -0.156201 -0.257605 -0.798532 -0.586353 -0.506520 -0.632161 0.786445 -0.168911 -0.594116 0.194152 -0.845522 0.497391
VERTEX_POSE A253 -0.382576 0.086302 0.318955 -0.777587 -0.603682 0.175859 0.473290 -0.377817 0.795771 0.413950 -0.702013 -0.579502
VERTEX_POSE A254 -0.677034 0.158147 0.607900 -0.083584 0.983487 0.160521 0.555497 -0.087749 0.826876 -0.827307 -0.158283 0.538989
VERTEX_POSE A255 -0.100079 -0.833750 0.756667 0.510408 0.703058 0.495170 -0.627915 0.698133 -0.343995 -0.587543 -0.135347 0.797793
VERTEX_POSE A256 -0.897170 -0.464992 -0.946038 0.148754 -0.907865 0.391987 -0.598275 -0.398244 -0.695319 0.787362 -0.131084 -0.602393
VERTEX_POSE A257 0.029984 0.521322 0.063239 0.950147 0.277954 0.141291 -0.310693 0.805785 0.504163 -0.026284 0.522927 -0.851972
VERTEX_POSE A258 -0.297262 -0.058525 0.261539 0.335151 -0.678338 -0.653859 -0.894969 -0.446110 0.004074 0.294456 -0.583818 0.756606
VERTEX_POSE A259 -0.564678 -0.305070 -0.992704 0.653130 0.485302 0.581294 -0.748513 0.297506 0.592637 0.114669 -0.822175 0.557565
VERTEX_POSE A260 -0.990338 -0.606179 -0.069639 -0.254524 0.382368 0.888263 -0.850196 0.349240 -0.393953 0.460852 0.855468 -0.236197
VERTEX_POSE A261 -0.374342 -0.985644 0.602329 0.387567 -0.744070 -0.544198 0.900680 0.179883 0.395497 0.196385 0.643430 -0.739886
VERTEX_POSE A262 0.528460 0.244243 -0.689197 0.362554 0.687931 -0.628733 -0.685165 -0.260561 -0.680189 0.631747 -0.677391 -0.376879
VERTEX_POSE A263 -0.542597 0.606575 -0.252529 0.250194 0.708846 0.659500 -0.360625 -0.563922 0.742927 -0.898528 0.423708 -0.114538
VERTEX_POSE A264 -0.855327 0.235493 0.357519 0.788578 -0.272077 0.551469 0.580078 0.626769 -0.520260 -0.204094 0.730161 0.652082
VERTEX_POSE A265 0.818702 0.528081 -0.292634 -0.751584 -0.518152 0.408216 0.090479 -0.693978 -0.714288 -0.653403 0.499913 -0.568465
VERTEX_POSE A266 -0.941781 -0.571115 -0.339982 -0.157830 -0.957607 0.240994 -0.566639 -0.112044 -0.816313 0.808709 -0.265395 -0.524934
VERTEX_POSE A267 -0.165553 -0.031870 -0.728008 0.635224 0.723787 -0.269487 -0.600404 0.243304 -0.761786 0.485804 -0.645706 -0.589117
VERTEX_POSE A268 -0.457647 -0.678900 0.187089 0.352546 0.857581 -0.374520 -0.726229 0.503131 0.468457 -0.590172 -0.106835 -0.800177
VERTEX_POSE A269 -0.063654 -0.871962 -0.155307 0.417316 -0.425050 -0.803231 0.566068 -0.569873 0.595661 0.710925 0.703262 -0.002790
VERTEX_POSE A270 -0.589031 0.004606 -0.721686 -0.925276 0.266273 -0.270115 -0.150503 -0.911436 -0.382926 0.348155 0.313659 -0.883406
VERTEX_POSE A271 -0.352878 -0.860953 0.898226 -0.334761 0.219656 0.916344 0.471047 0.881239 -0.039157 0.816119 -0.418533 0.398472
VERTEX_POSE A272 0.686100 0.319168 -0.934677 -0.169984 0.400648 0.900326 -0.415359 -0.857630 0.303228 0.893634 -0.322414 0.312196
VERTEX_POSE A273 -0.042503 -0.726226 0.250952 0.657690 -0.617151 -0.431935 0.752506 0.564406 0.339384 -0.034335 0.548243 -0.835614
VERTEX_POSE A274 -0.906346 -0.470910 0.656165 -0.108155 0.135244 -0.984892 0.898430 0.437417 -0.038595 0.425588 -0.889031 -0.168816
VERTEX_POSE A275 0.792737 0.729230 0.327588 -0.702790 0.639769 0.311098 -0.703529 -0.689899 -0.170548 0.105515 -0.338726 0.934950
VERTEX_POSE A276 0.003605 0.389212 0.466736 0.685771 0.493523 0.534932 -0.428052 -0.320940 0.844849 0.588633 -0.808352 -0.008838
VERTEX_POSE A277 -0.496000 -0.312494 0.047268 -0.387378 0.824834 0.411809 0.108163 -0.402938 0.908813 -0.915554 -0.396597 -0.066873
VERTEX_POSE A278 -0.582332 0.616142 0.057063 0.814044 -0.463051 -0.350594 -0.189103 -0.782054 0.593828 -0.549156 -0.417104 -0.724191
VERTEX_POSE A279 -0.882248 -0.123883 0.749159 -0.182396 -0.657906 0.730679 0.912962 0.162559 0.374267 0.365010 -0.735347 -0.570993
VERTEX_POSE A280 0.856797 0.500186 -0.027393 -0.646933 -0.464901 0.604438 0.761930 -0.425978 0.487858 0.030671 0.776151 0.629801
VERTEX_POSE A281 0.503103 0.016447 -0.246687 0.647197 0.097527 0.756058 -0.213913 -0.928702 0.302910 0.731695 -0.357773 -0.580191
VERTEX_POSE A282 0.783831 -0.290892 0.703701 0.471970 0.800574 -0.369223 -0.492313 0.586753 0.642922 -0.731349 0.121667 -0.671063
VERTEX_POSE A283 -0.299404 -0.757420 0.174074 -0.057196 0.985862 0.157492 -0.843014 0.036819 -0.536631 -0.534843 -0.163462 0.828990
VERTEX_POSE A284 -0.879473 -0.897250 -0.927732 -0.078671 0.620485 0.780262 0.944705 -0.203537 0.257109 0.318344 0.757345 -0.570163
VERTEX_POSE A285 -0.893203 0.867255 0.311601 0.514091 0.389528 0.764185 -0.813262 -0.061798 0.578607 0.272609 -0.918939 0.285019
VERTEX_POSE A286 0.600517 -0.591170 -0.069258 -0.930340 0.299895 0.211021 0.317521 0.370959 0.872680 0.183432 0.878893 -0.440341
VERTEX_POSE A287 -0.776643 -0.362242 -0.873769 0.518878 -0.798811 0.304411 0.081947 -0.307980 -0.947857 0.850911 0.516768 -0.094343
VERTEX_POSE A288 0.136781 0.388577 -0.625160 -0.766470 0.427797 0.479076 -0.365963 0.322089 -0.873115 0.527821 0.844541 0.090314
VERTEX_POSE A289 -0.696745 0.350305 -0.807719 0.020219 -0.979187 0.201949 0.884577 -0.076618 -0.460058 0.465956 0.187941 0.864617
VERTEX_POSE A290 -0.341321 0.332687 -0.866473 0.484331 0.164542 0.859273 -0.632477 -0.612745 0.473831 0.604480 -0.772961 -0.192702
VERTEX_POSE A291 0.146442 0.782398 0.305201 -0.753435 -0.616169 0.229503 -0.619183 0.547434 -0.562965 0.221244 -0.566261 -0.793977
VERTEX_POSE A292 -0.071087 0.364662 0.794609 0.902853 -0.389122 -0.182866 -0.425615 -0.748643 -0.508316 0.060896 0.536765 -0.841531
VERTEX_POSE A293 -0.812861 -0.423070 -0.555670 -0.499175 0.429496 -0.752567 0.423723 -0.636595 -0.644364 0.755833 0.640531 -0.135785
VERTEX_POSE A294 0.603846 0.388973 -0.947328 -0.678841 -0.517118 0.521310 -0.304469 0.844278 0.441014 0.668187 -0.140655 0.730577
VERTEX_POSE A295 0.073587 -0.399846 0.152128 -0.603461 0.711134 0.360725 0.432279 0.671894 -0.601409 0.670052 0.206993 0.712870
VERTEX_POSE A296 -0.994159 -0.894989 0.151696 0.843558 0.194316 -0.500651 0.511933 -0.009254 0.858975 0.162280 -0.980895 -0.107283
VERTEX_POSE A297 0.662065 0.817858 -0.287310 -0.806189 -0.416018 0.420699 0.570814 -0.359821 0.738038 0.155661 -0.835139 -0.527553
VERTEX_POSE A298 0.908034 0.568284 0.424121 0.574157 0.685079 0.448341 0.778975 -0.288492 -0.556750 -0.252075 0.668909 -0.699299
VERTEX_POSE A299 -0.451805 -0.573889 -0.661215 0.355086 -0.440590 0.824496 -0.827471 0.262248 0.496506 -0.434978 -0.858549 -0.271455
VERTEX_POSE A300 -0.401589 0.945896 0.557383 -0.738966 0.667993 -0.087830 0.314803 0.227077 -0.921594 0.595675 0.708676 0.378088
VERTEX_POSE A301 -0.680998 -0.427110 0.702434 -0.664081 -0.536888 -0.520334 0.261671 -0.818832 0.510923 -0.700374 0.203138 0.684259
VERTEX_POSE A302 0.195316 -0.434842 -0.762989 -0.378595 -0.665163 0.643602 0.923497 -0.225041 0.310661 0.061803 -0.711979 -0.699475
VERTEX_POSE A303 -0.715489 0.265064 0.622706 -0.512575 0.566962 -0.644842 0.673354 -0.200577 -0.711592 0.532787 0.798951 0.278955
VERTEX_POSE A304 0.276499 -0.153336 -0.046614 0.088241 0.892284 0.442767 -0.726690 -0.246347 0.641276 -0.681275 0.378341 -0.626676
VERTEX_POSE A305 0.288971 0.094248 0.893176 -0.493988 0.867034 -0.065022 -0.348356 -0.128845 0.928465 0.796633 0.481302 0.365684
