VERTEX_POSE A0 0.736741 -0.565049 0.815559 -0.511476 0.720672 -0.468000 0.808518 0.588062 0.021928 -0.291016 0.367171 0.883456
VERTEX_POSE A1 0.383716 0.065486 -0.956521 -0.647764 0.689482 -0.324061 0.344402 0.644439 0.682705 0.679550 0.330625 -0.654904
VERTEX_POSE A2 0.691826 -0.879929 -0.805352 0.470569 0.177787 0.864267 -0.231351 0.970083 -0.073590 -0.851494 -0.165320 0.497622
VERTEX_POSE A3 -0.452891 -0.374456 0.983454 0.643402 -0.531212 0.551224 -0.022851 -0.733062 -0.679777 -0.765187 -0.424775 0.483793
VERTEX_POSE A4 -0.935199 0.860313 0.485426 -0.418595 0.773594 -0.475741 0.626511 0.625214 0.465394 -0.657466 0.103245 0.746377
VERTEX_POSE A5 -0.844052 0.097202 0.508908 -0.834431 0.084918 0.544530 0.182447 -0.889778 0.418339 0.520036 0.448423 0.726966
VERTEX_POSE A6 0.740756 0.170675 -0.689943 0.360308 -0.888316 0.284733 0.460200 0.434775 0.774072 -0.811415 -0.147871 0.565456
VERTEX_POSE A7 0.753520 0.540643 0.932149 -0.142847 -0.989556 0.019326 0.901196 -0.121969 0.415897 -0.409196 0.076826 0.909207
VERTEX_POSE A8 0.918225 -0.567707 -0.853007 -0.591594 -0.557385 0.582528 0.733217 -0.672418 0.101233 0.335276 0.487008 0.806482
VERTEX_POSE A9 -0.486002 0.614671 -0.959662 0.446256 0.552902 0.703673 0.816756 -0.572992 -0.067750 -0.365740 -0.604962 0.707287
VERTEX_POSE A10 -0.343727 0.992157 0.129743 -0.890380 -0.447796 -0.081871 -0.404734 0.696405 0.592630 -0.208362 0.560802 -0.801303
VERTEX_POSE A11 0.581457 -0.161993 0.894088 -0.969170 -0.163618 -0.184224 -0.060161 -0.567913 0.820887 -0.238935 0.806662 0.540561
VERTEX_POSE A12 -0.025455 0.221035 -0.127919 0.656343 -0.383565 0.649686 0.753227 0.283853 -0.593361 0.043177 0.878809 0.475217
VERTEX_POSE A13 0.307931 0.001446 0.762803 -0.251873 -0.787534 -0.562450 -0.910774 0.389389 -0.137359 -0.327187 -0.477668 0.815342
VERTEX_POSE A14 0.063759 0.901198 -0.214916 -0.359485 -0.932743 -0.027569 -0.723389 0.297219 -0.623193 0.589473 -0.204086 -0.781582
VERTEX_POSE A15 -0.660579 0.334700 -0.307360 0.634151 -0.427811 0.644073 0.114683 -0.771732 -0.625522 -0.764657 -0.470539 0.440332
VERTEX_POSE A16 -0.310324 -0.714259 0.820190 -0.382180 -0.837851 0.389800 0.178771 0.346818 0.920738 0.906631 -0.421573 -0.017237
VERTEX_POSE A17 0.633827 0.238219 -0.705701 0.722945 -0.690243 0.030257 -0.626724 -0.636725 0.449219 0.290805 0.343723 0.892909
VERTEX_POSE A18 0.304778 0.414844 0.656353 -0.510868 0.011072 0.859588 0.340063 -0.915753 0.213901 0.789538 0.401589 0.464064
VERTEX_POSE A19 0.175765 -0.877578 -0.968797 0.912596 0.185574 0.364322 -0.280253 0.932722 0.226909 0.297703 0.309178 -0.903206
VERTEX_POSE A20 0.900216 -0.292385 -0.498234 0.170888 -0.803913 0.569668 0.955073 -0.006936 -0.296290 -0.242143 -0.594707 -0.766610
VERTEX_POSE A21 -0.573887 -0.453345 0.795604 0.501798 -0.859525 0.097031 -0.213057 -0.014099 0.976938 0.838335 0.510898 0.190203
VERTEX_POSE A22 0.533319 -0.660503 0.208892 0.598008 0.747242 0.289853 -0.605451 0.184197 0.774274 0.525180 -0.638514 0.562570
VERTEX_POSE A23 0.047240 0.234869 0.799218 0.843297 -0.111867 -0.525676 0.118150 -0.915584 0.384379 0.524300 0.386255 0.758892
VERTEX_POSE A24 0.667124 0.761803 -0.827409 0.007773 0.999334 0.035660 -0.797246 0.027719 -0.603018 0.603605 0.023743 -0.796930
VERTEX_POSE A25 0.212875 -0.441993 -0.569453 0.345805 -0.177961 0.921275 -0.052280 -0.983979 -0.170449 0.936849 0.010778 -0.349569
VERTEX_POSE A26 0.404670 -0.664333 -0.745492 -0.379088 0.655231 0.653425 0.310640 0.755263 -0.577131 0.871662 0.015804 0.489852
VERTEX_POSE A27 0.749326 -0.671119 0.167028 -0.664006 0.412544 -0.623621 0.270542 -0.644962 -0.714724 -0.697067 -0.643297 0.316648
VERTEX_POSE A28 -0.139439 0.457667 -0.704523 0.360566 0.644940 0.673828 0.872759 -0.488151 0.000209 -0.329064 -0.588014 0.738888
VERTEX_POSE A29 -0.241915 -0.442797 -0.032851 0.435016 0.506778 0.744270 -0.073401 -0.803868 0.590261 -0.897426 0.311403 0.312497
VERTEX_POSE A30 -0.640599 -0.018407 0.182399 0.467244 0.451054 0.760416 -0.723672 0.689213 0.035848 -0.507919 -0.567042 0.648446
VERTEX_POSE A31 -0.402698 0.892618 -0.888964 -0.364933 -0.405577 -0.838052 0.930879 -0.175373 -0.320483 -0.016991 -0.897080 0.441542
VERTEX_POSE A32 -0.858199 0.622689 0.010628 0.755164 -0.242964 -0.608848 0.458796 0.859280 0.226151 -0.468224 0.450118 -0.760368
VERTEX_POSE A33 -0.948773 0.101664 0.377047 -0.540162 -0.836583 0.091394 -0.354961 0.128019 -0.926074 -0.763038 0.532672 0.366106
VERTEX_POSE A34 0.144412 -0.481838 -0.905510 0.549904 -0.822870 0.143143 0.615368 0.515036 0.596708 -0.564737 -0.240047 0.789588
VERTEX_POSE A35 -0.793398 0.483002 -0.503946 -0.632091 0.351648 -0.690510 0.202391 -0.785252 -0.585164 -0.747997 -0.509630 0.425180
VERTEX_POSE A36 -0.792825 -0.801134 -0.114045 -0.794626 -0.180778 0.579559 0.582022 0.044693 0.811944 0.172684 -0.982508 -0.069703
VERTEX_POSE A37 -0.114832 0.688837 -0.595453 -0.671849 -0.737653 0.066982 0.394298 -0.432740 -0.810719 0.627015 -0.518270 0.581591
VERTEX_POSE A38 0.960123 0.023646 -0.571797 -0.600927 0.581508 -0.548393 -0.732652 -0.675011 0.087064 -0.319543 0.454101 0.831676
VERTEX_POSE A39 -0.874600 -0.368841 0.032948 -0.161001 0.697394 -0.698370 0.301585 0.708520 0.638002 -0.939747 0.107898 0.324396
VERTEX_POSE A40 0.399165 0.303508 -0.555115 -0.406507 -0.585116 0.701706 -0.629602 0.735956 0.248939 0.662083 0.340600 0.667561
VERTEX_POSE A41 -0.383604 0.015803 0.557946 0.597952 -0.596256 -0.535660 -0.793089 -0.536869 -0.287716 0.116027 -0.596867 0.793907
VERTEX_POSE A42 0.706857 0.469166 -0.072964 -0.965276 0.251910 0.069159 -0.239512 -0.747754 -0.619272 0.104287 0.614333 -0.782125
VERTEX_POSE A43 -0.626289 -0.475457 0.316966 -0.680369 0.732799 0.010194 -0.541275 -0.511828 0.667123 0.494085 0.448373 0.744877
VERTEX_POSE A44 0.924327 -0.982751 0.320749 0.659036 0.306962 -0.686619 0.449115 0.571674 0.686647 -0.603297 0.760896 -0.238892
VERTEX_POSE A45 -0.229384 0.370364 0.712120 0.399875 0.916106 -0.029144 -0.241337 0.135911 0.960877 0.884226 -0.377197 0.275438
VERTEX_POSE A46 -0.286868 0.859242 -0.990394 -0.742561 0.654646 0.141570 -0.182097 0.006083 -0.983262 0.644549 0.755912 -0.114692
VERTEX_POSE A47 -0.385997 -0.697011 0.140939 -0.144901 -0.867847 0.475232 -0.948369 -0.015139 -0.316809 -0.282136 0.496601 0.820845
VERTEX_POSE A48 -0.595557 -0.391417 -0.993581 0.006930 -0.565224 0.824908 0.835635 0.456369 0.305683 0.549242 -0.687203 -0.475483
VERTEX_POSE A49 -0.982091 0.274086 0.665959 0.937294 0.120107 -0.327190 0.120760 -0.992511 -0.018399 -0.326950 -0.022266 -0.944779
VERTEX_POSE A50 0.789768 -0.574589 0.172143 -0.851274 0.519999 -0.070243 0.234043 0.256466 -0.937789 0.469634 0.814756 0.340025
VERTEX_POSE A51 -0.695341 0.316198 -0.491815 -0.871262 -0.167472 -0.461363 -0.430855 0.711192 0.555490 0.235089 0.682758 -0.691791
VERTEX_POSE A52 -0.555978 0.820741 0.461562 -0.909240 0.373274 -0.184252 -0.390618 -0.612093 0.687575 0.143875 0.697143 0.702347
VERTEX_POSE A53 0.323088 -0.235092 -0.618965 0.500078 -0.795209 -0.342877 0.595316 0.603229 -0.530767 0.628904 0.061304 0.775062
VERTEX_POSE A54 0.351899 -0.448933 -0.692597 0.343196 0.747316 -0.568977 0.376927 0.445272 0.812194 0.860315 -0.493205 -0.128868
VERTEX_POSE A55 -0.888854 0.582544 0.634153 0.595053 -0.045186 0.802415 -0.330811 0.896144 0.295787 -0.732445 -0.441457 0.518305
VERTEX_POSE A56 -0.464037 0.322916 -0.188418 -0.307016 0.481045 0.821180 0.655201 -0.518976 0.548977 0.690256 0.706583 -0.155847
VERTEX_POSE A57 -0.243431 -0.113266 -0.438089 -0.631713 -0.451366 0.630244 -0.769212 0.465857 -0.437368 -0.096191 -0.761082 -0.641484
VERTEX_POSE A58 0.860471 0.911425 -0.198819 0.303282 0.190521 -0.933660 0.625738 -0.778772 0.044344 -0.718660 -0.597676 -0.355404
VERTEX_POSE A59 0.396524 -0.219417 0.107059 -0.449403 -0.231103 0.862919 -0.657430 0.739566 -0.144318 0.604833 0.632165 0.484297
VERTEX_POSE A60 0.514654 0.443937 0.529060 -0.468196 0.785383 -0.404927 0.124583 -0.395008 -0.910191 0.874798 0.476595 -0.087096
VERTEX_POSE A61 -0.780127 -0.106982 0.983581 0.489903 0.794709 -0.358376 0.691744 -0.104184 0.714588 0.530552 -0.597983 -0.600775
VERTEX_POSE A62 0.993826 -0.326799 0.218095 -0.512850 0.347786 0.784876 -0.648426 0.442238 -0.619652 0.562608 0.826723 0.001288
VERTEX_POSE A63 0.656455 0.066626 -0.460312 -0.297344 -0.126467 0.946357 0.934926 -0.239601 0.261734 0.193647 0.962599 0.189481
VERTEX_POSE A64 -0.728900 0.994682 0.360628 -0.939560 -0.087256 0.331079 -0.147053 -0.770408 -0.620360 -0.309196 0.631552 -0.711014
VERTEX_POSE A65 0.138238 0.191364 0.312585 -0.556688 -0.581959 -0.592808 0.633712 0.163905 -0.756005 -0.537129 0.796529 -0.277551
VERTEX_POSE A66 0.863057 -0.450372 0.035743 0.573371 0.431575 0.696411 -0.572337 0.819208 -0.036455 0.586238 0.377680 -0.716716
VERTEX_POSE A67 -0.521725 -0.806452 -0.753417 0.879941 0.402339 0.252641 0.061067 0.431583 -0.900004 -0.471142 0.807379 0.355198
VERTEX_POSE A68 -0.976594 -0.119799 0.717132 0.898302 -0.135574 -0.417939 -0.299030 -0.885569 -0.355456 0.321923 -0.444283 0.836049
VERTEX_POSE A69 0.823179 0.573274 0.463946 -0.334052 0.525668 -0.782357 -0.896038 -0.434645 0.090552 -0.292447 0.731270 0.616213
VERTEX_POSE A70 -0.396325 -0.175294 0.279531 0.278058 0.342906 -0.897273 0.262390 0.871470 0.414358 -0.924032 0.350651 -0.152344
VERTEX_POSE A71 0.422572 -0.816291 -0.837983 0.027551 0.516763 0.855685 -0.926304 -0.308586 0.216186 0.375769 -0.798580 0.470178
VERTEX_POSE A72 -0.560425 -0.410923 0.021892 -0.025153 0.696648 -0.716972 0.850957 0.391306 0.350360 -0.524632 0.601300 0.602660
VERTEX_POSE A73 -0.689468 -0.706127 -0.793433 -0.500812 -0.561006 0.659135 -0.771502 -0.055899 -0.633766 -0.392392 0.825922 0.404823
VERTEX_POSE A74 0.796282 -0.291749 0.478983 -0.292418 -0.506629 0.811061 0.682185 0.483850 0.548190 0.670161 -0.713594 -0.204128
VERTEX_POSE A75 -0.636098 -0.393674 -0.657359 0.358591 -0.860296 0.362358 -0.467126 -0.501448 -0.728247 0.808211 0.091876 -0.581681
VERTEX_POSE A76 0.081148 0.664237 0.918687 0.874732 -0.433068 0.217477 -0.404632 -0.899654 -0.164002 -0.266677 -0.055459 0.962189
VERTEX_POSE A77 -0.490586 -0.432506 0.488589 0.287843 -0.948988 0.128714 0.825449 0.177703 -0.535776 0.485573 0.260467 0.834492
VERTEX_POSE A78 -0.022095 -0.090685 0.483581 -0.385765 0.744680 0.544645 0.808845 0.556952 -0.188613 -0.443797 0.367773 -0.817182
VERTEX_POSE A79 0.485591 -0.727180 0.925106 -0.905968 0.002336 -0.423340 0.265870 0.781325 -0.564663 -0.329447 0.624120 0.708477
VERTEX_POSE A80 -0.472677 0.841579 0.154547 -0.698693 0.064160 -0.712538 0.567368 0.656389 -0.497239 0.435800 -0.751689 -0.495017
VERTEX_POSE A81 -0.232326 0.334727 -0.344276 -0.650283 -0.729435 -0.212266 -0.748308 0.566837 0.344574 -0.131024 0.382911 -0.914446
VERTEX_POSE A82 0.790250 0.589018 -0.566708 -0.847703 0.084763 -0.523656 0.526432 0.012826 -0.850121 0.065342 0.996319 0.055495
VERTEX_POSE A83 -0.028654 0.662320 -0.383890 0.240498 0.915168 -0.323462 -0.860266 0.355307 0.365649 -0.449558 -0.190325 -0.872739
VERTEX_POSE A84 -0.909238 -0.900365 0.036759 0.241753 -0.647126 0.723038 0.685187 -0.413772 -0.599427 0.687077 0.640329 0.343371
VERTEX_POSE A85 0.142149 -0.859915 -0.259306 -0.443196 0.821952 0.357732 -0.809751 -0.195892 -0.553109 0.384553 0.534809 -0.752395
VERTEX_POSE A86 0.082491 0.244864 -0.749737 -0.915308 0.365647 0.168861 -0.281316 -0.280379 -0.917741 -0.288225 -0.887519 0.359495
VERTEX_POSE A87 -0.373276 0.422551 0.848341 0.753328 -0.565176 -0.336263 0.586263 0.808813 -0.046014 -0.297979 0.162475 -0.940644
VERTEX_POSE A88 0.898718 0.026819 0.302605 -0.096334 0.918259 -0.384085 -0.848876 -0.277289 -0.450023 -0.519740 0.282687 0.806200
VERTEX_POSE A89 -0.057037 0.156289 0.051444 0.498292 -0.741257 -0.449715 -0.171939 0.423910 -0.889234 -0.849789 -0.520422 -0.083780
VERTEX_POSE A90 -0.976752 -0.796866 -0.044600 0.561123 0.184312 -0.806951 0.796589 0.144659 0.586959 -0.224916 0.972164 0.065650
VERTEX_POSE A91 0.413372 -0.529244 -0.168335 0.653335 -0.641882 -0.401424 0.756905 0.542790 0.363968 -0.015735 -0.541633 0.840468
VERTEX_POSE A92 0.162835 -0.950693 0.035025 -0.219209 0.442170 -0.869731 0.596485 -0.644691 -0.478100 0.772110 0.623585 0.122426
VERTEX_POSE A93 -0.982925 -0.123665 -0.826505 -0.707319 0.308414 -0.636067 -0.228299 0.751921 0.618461 -0.669014 -0.582663 0.461437
VERTEX_POSE A94 0.069826 0.537382 0.371353 0.110891 0.067564 -0.991533 0.238746 -0.970282 -0.039415 -0.964730 -0.232354 -0.123726
VERTEX_POSE A95 0.433935 -0.956011 -0.604348 0.318044 0.628879 0.709478 0.947896 -0.196334 -0.250891 0.018485 -0.752305 0.658555
VERTEX_POSE A96 0.155313 -0.932302 0.486080 0.533025 -0.681575 0.501339 0.842628 0.373995 -0.387435 0.076567 0.628954 0.773663
VERTEX_POSE A97 -0.067117 -0.912989 -0.592904 -0.119419 0.472386 -0.873264 0.870290 0.473125 0.136921 0.477843 -0.743642 -0.467613
VERTEX_POSE A98 0.912210 -0.762464 -0.357765 0.222965 0.820052 0.527069 -0.148071 0.562896 -0.813156 -0.963515 0.103261 0.246932
VERTEX_POSE A99 0.178719 -0.052101 0.203212 0.098730 -0.495790 0.862812 -0.056766 -0.868442 -0.492530 0.993494 -0.000351 -0.113886
VERTEX_POSE A100 -0.243938 0.660285 0.871041 0.358797 -0.482028 -0.799321 -0.803154 -0.595770 -0.001240 -0.475614 0.642423 -0.600903
VERTEX_POSE A101 -0.484115 0.062242 0.921766 0.741534 -0.652022 0.158099 -0.474584 -0.676331 -0.563335 -0.474235 -0.342701 0.810961
VERTEX_POSE A102 -0.398709 0.131608 0.365229 -0.720725 0.653542 -0.231169 0.100766 -0.231161 -0.967683 -0.685859 -0.720727 0.100749
VERTEX_POSE A103 0.195638 -0.750638 -0.107067 -0.945810 0.319815 -0.056232 -0.134503 -0.543462 -0.828588 -0.295554 -0.776123 0.557028
VERTEX_POSE A104 -0.173582 0.356115 -0.871667 -0.734094 0.602479 -0.313250 0.555216 0.266954 -0.787699 -0.390949 -0.752167 -0.530476
VERTEX_POSE A105 -0.602427 0.839859 -0.155788 -0.744684 -0.096110 -0.660461 -0.630067 -0.225164 0.743180 -0.220139 0.969569 0.107120
VERTEX_POSE A106 0.559540 -0.144313 0.235575 -0.707547 -0.160054 -0.688302 0.565948 -0.711618 -0.416296 -0.423178 -0.684092 0.594086
VERTEX_POSE A107 0.907566 0.020352 -0.952980 0.601542 0.275060 -0.749993 0.099404 0.905780 0.411923 0.792632 -0.322341 0.517523
VERTEX_POSE A108 -0.093013 -0.592647 -0.667200 0.090988 -0.523707 0.847026 0.607117 -0.645040 -0.464038 -0.789386 -0.556466 -0.259260
VERTEX_POSE A109 -0.462555 0.765003 -0.280845 0.334707 0.796107 0.504167 0.941988 -0.268425 -0.201510 0.025093 -0.542366 0.839767
VERTEX_POSE A110 0.393157 0.293172 0.972126 0.400164 -0.831395 0.385553 0.915502 0.343587 -0.209295 0.041535 0.436727 0.898635
VERTEX_POSE A111 0.434310 -0.751068 0.487348 -0.008897 0.525732 -0.850604 0.671820 0.633201 0.384335 0.740661 -0.568034 -0.358831
VERTEX_POSE A112 0.305119 0.099729 0.374879 -0.453699 0.556957 -0.695670 0.890502 0.253464 -0.377839 -0.034113 -0.790920 -0.610967
VERTEX_POSE A113 0.183407 -0.117810 -0.594582 0.144424 0.882326 -0.447931 -0.986844 0.095189 -0.130681 0.072665 -0.460911 -0.884466
VERTEX_POSE A114 -0.594344 0.911252 -0.896543 0.070778 -0.959849 -0.271442 -0.612115 -0.256656 0.747959 -0.787595 0.113215 -0.605704
VERTEX_POSE A115 0.395881 0.199364 -0.588362 0.608376 -0.212645 0.764631 0.471271 -0.678400 -0.563629 -0.638579 -0.703246 0.312509
VERTEX_POSE A116 -0.674444 0.022275 0.146113 -0.012796 -0.440430 -0.897696 -0.462776 0.798441 -0.385137 -0.886383 -0.410504 0.214037
VERTEX_POSE A117 0.488147 0.156116 -0.646280 -0.959891 0.246662 0.133294 -0.278849 -0.889393 -0.362248 0.029198 -0.384888 0.922501
VERTEX_POSE A118 -0.977395 -0.378085 -0.740022 -0.587906 -0.332907 0.737252 -0.484767 0.874603 0.008361 -0.647586 -0.352480 -0.675567
VERTEX_POSE A119 -0.775726 -0.950906 -0.551282 -0.629973 0.730787 0.262839 0.545453 0.657262 -0.520085 -0.552825 -0.184273 -0.812667
VERTEX_POSE A120 -0.568890 -0.687595 0.405164 -0.570746 0.466085 0.676028 0.820658 0.295951 0.488809 -0.027756 -0.833773 0.551409
VERTEX_POSE A121 -0.954147 -0.174951 0.215378 -0.391719 -0.901438 -0.184298 0.383144 -0.341926 0.858072 -0.836515 0.265511 0.479320
VERTEX_POSE A122 0.637646 -0.480150 0.280383 -0.857634 -0.381962 0.344337 0.506954 -0.740413 0.441346 0.086374 0.553076 0.828641
VERTEX_POSE A123 0.593945 -0.638288 -0.559811 -0.637947 -0.266499 0.722497 0.742822 -0.460369 0.486082 -0.203075 -0.846781 -0.491653
VERTEX_POSE A124 -0.937072 0.701384 0.388873 0.007383 0.953177 0.302323 -0.906023 -0.121563 0.405394 -0.423164 0.276905 -0.862703
VERTEX_POSE A125 -0.292528 -0.942768 -0.348264 0.977390 -0.078219 0.196446 0.185377 -0.129901 -0.974044 -0.101707 -0.988437 0.112464
VERTEX_POSE A126 0.027881 -0.594300 -0.164158 0.754069 -0.560867 -0.341772 -0.324723 0.133953 -0.936276 -0.570907 -0.816998 0.081116
VERTEX_POSE A127 0.218241 0.769082 -0.125048 0.524500 -0.464691 0.713415 -0.618555 -0.783761 -0.055753 -0.585056 0.412044 0.698520
VERTEX_POSE A128 0.640355 -0.855758 0.058832 -0.476743 0.794363 -0.376437 0.598239 -0.020570 -0.801054 -0.644070 -0.607096 -0.465412
VERTEX_POSE A129 -0.059909 -0.356763 0.478077 -0.744924 0.468928 -0.474546 -0.637295 -0.710566 0.298247 -0.197340 0.524597 0.828164
VERTEX_POSE A130 -0.603040 -0.283018 -0.921836 -0.787961 -0.325856 0.522433 -0.523121 0.801801 -0.288893 -0.324749 -0.500932 -0.802250
VERTEX_POSE A131 -0.603583 0.804527 -0.070127 0.705348 -0.453982 -0.544412 0.119031 -0.681250 0.722309 -0.698796 -0.574281 -0.426481
VERTEX_POSE A132 0.455976 0.705479 0.399842 0.098101 0.784905 0.611801 -0.436703 -0.518461 0.735179 -0.894241 0.339297 -0.291909
VERTEX_POSE A133 -0.001749 0.848590 0.443392 -0.405153 0.000312 -0.914249 0.616921 -0.737922 -0.273642 0.674730 0.674886 -0.298779
VERTEX_POSE A134 0.592055 -0.946111 0.822807 0.689830 -0.396974 0.605431 -0.669017 -0.029949 0.742643 -0.276678 -0.917341 -0.286242
VERTEX_POSE A135 -0.717606 0.061594 0.528175 0.267331 -0.201746 -0.942249 -0.894736 0.311059 -0.320452 0.357745 0.928731 -0.097354
VERTEX_POSE A136 0.395824 0.688449 -0.712396 -0.480509 -0.864503 -0.147461 -0.554618 0.169303 0.814700 0.679345 -0.473255 0.560821
VERTEX_POSE A137 0.151595 -0.090424 0.058381 -0.000950 -0.743225 -0.669041 -0.342167 0.628899 -0.698147 0.939639 0.228260 -0.254904
VERTEX_POSE A138 -0.810040 -0.918054 0.575195 -0.833256 0.482686 0.269626 -0.317423 -0.816936 0.481516 0.452689 0.315640 0.833933
VERTEX_POSE A139 -0.697189 -0.904198 -0.379596 -0.520998 -0.842745 0.135432 0.238951 0.008320 0.970996 0.819429 -0.538249 -0.197040
VERTEX_POSE A140 0.689040 -0.325421 0.777537 0.552938 -0.457301 0.696517 -0.070484 0.807264 0.585967 0.830236 0.373097 -0.414134
VERTEX_POSE A141 0.583117 0.375118 0.547322 0.602087 0.546676 -0.581925 0.773294 -0.580702 0.254560 0.198763 0.603266 0.772375
VERTEX_POSE A142 0.737121 -0.655266 -0.892248 0.919680 0.339483 -0.197332 -0.043952 -0.410386 -0.910852 -0.390201 0.846366 -0.362503
VERTEX_POSE A143 -0.005841 0.774308 0.152416 -0.403011 0.311906 -0.860405 0.913797 0.085197 -0.397135 0.050564 0.946285 0.319354
VERTEX_POSE A144 -0.233476 -0.742692 0.952740 0.561616 -0.820774 -0.104490 -0.798427 -0.570737 0.191761 0.217029 0.024269 0.975863
VERTEX_POSE A145 -0.857224 -0.744014 -0.788791 -0.040321 -0.119201 0.992051 -0.934312 0.356424 0.004853 0.354169 0.926689 0.125742
VERTEX_POSE A146 -0.609961 -0.026327 0.564053 0.614568 0.788629 -0.019242 -0.599341 0.482641 0.638630 -0.512929 0.380949 -0.769273
VERTEX_POSE A147 0.092081 0.279582 0.098852 0.362880 -0.925655 0.107151 0.842526 0.375047 0.386639 -0.398081 -0.050026 0.915985
VERTEX_POSE A148 0.630923 0.412101 -0.435070 -0.364561 0.022604 -0.930905 -0.919895 0.146420 0.363804 0.144527 0.988964 -0.032586
VERTEX_POSE A149 -0.587356 0.595588 0.824032 -0.671739 -0.616161 -0.411232 -0.316304 0.740548 -0.592909 0.669864 -0.268206 -0.692349
VERTEX_POSE A150 0.316355 0.328676 0.547570 0.409864 -0.858687 0.307681 -0.433923 -0.480254 -0.762278 -0.802323 -0.178920 0.569443
VERTEX_POSE A151 -0.937967 0.724506 0.970094 0.384532 0.772520 0.505321 0.896737 -0.182689 -0.403096 0.219083 -0.608143 0.762997
VERTEX_POSE A152 -0.541503 -0.579363 0.039410 0.484597 0.277986 -0.829391 0.679926 -0.716230 0.157210 0.550333 0.640108 0.536092
VERTEX_POSE A153 -0.045999 0.848525 -0.172047 0.313818 -0.462581 0.829178 0.556154 0.797356 0.234341 0.769552 -0.387610 -0.507491
VERTEX_POSE A154 0.655978 -0.913782 -0.589717 0.525139 0.594785 -0.608654 -0.767369 0.640167 -0.036497 0.367932 0.486228 0.792596
VERTEX_POSE A155 -0.478574 -0.877979 -0.571718 0.373754 0.053809 0.925966 0.703805 0.633778 -0.320911 -0.604125 0.771641 0.199007
VERTEX_POSE A156 0.661473 0.905757 0.479689 -0.348224 0.157253 0.924127 0.079268 -0.977358 0.196181 -0.934054 -0.141569 -0.327875
VERTEX_POSE A157 -0.316141 -0.508081 0.246125 0.119956 0.442361 -0.888779 -0.577327 -0.697222 -0.424940 -0.807653 0.564090 0.171752
VERTEX_POSE A158 0.739667 0.891103 0.303234 -0.411106 -0.898158 -0.155895 0.367857 -0.319924 0.873115 0.834070 -0.301596 -0.461916
VERTEX_POSE A159 0.301828 -0.950001 -0.461480 -0.048134 -0.352492 0.934576 -0.646006 0.724612 0.240028 -0.761813 -0.592189 -0.262590
VERTEX_POSE A160 0.623949 0.135155 -0.275799 -0.727582 -0.453859 0.514428 0.686006 -0.486227 0.541275 -0.004466 -0.746723 -0.665120
VERTEX_POSE A161 -0.863373 -0.391915 0.381398 0.414074 -0.604696 0.680357 0.649322 0.720043 0.244783 -0.637905 0.340413 0.690794
VERTEX_POSE A162 0.698246 0.854526 0.468394 -0.372062 -0.918438 -0.134315 -0.377831 0.017683 0.925706 0.847829 -0.395169 0.353593
VERTEX_POSE A163 0.079925 -0.159366 -0.875956 -0.499788 0.829440 0.249480 0.797237 0.327943 0.506820 -0.338562 -0.452197 0.825163
VERTEX_POSE A164 0.134878 -0.543326 -0.175210 -0.117065 0.716519 -0.687675 -0.566341 0.520646 0.638894 0.815815 0.464251 0.344845
VERTEX_POSE A165 0.290301 0.908415 0.291200 -0.271020 -0.309896 0.911325 0.786307 0.474821 0.395304 0.555219 -0.823717 -0.114987
VERTEX_POSE A166 0.362319 0.902228 0.652219 -0.707873 0.687275 -0.162999 -0.702800 -0.708388 0.065252 -0.070621 0.160746 0.984466
VERTEX_POSE A167 -0.469298 -0.854877 0.112394 -0.628233 -0.359663 -0.689902 0.730748 0.031625 -0.681915 0.267078 -0.932546 0.242955
VERTEX_POSE A168 -0.558104 -0.182009 -0.650419 -0.761761 0.622240 -0.180379 -0.636419 -0.770811 0.028660 0.121205 -0.136629 -0.983179
VERTEX_POSE A169 0.552279 0.984175 0.227414 0.693369 0.546281 0.469911 -0.324713 0.819033 -0.473019 0.643274 -0.175390 -0.745276
VERTEX_POSE A170 -0.166487 -0.759075 0.732799 0.615160 -0.482576 0.623456 0.530723 -0.331311 -0.780107 -0.583019 -0.810773 -0.052305
VERTEX_POSE A171 -0.869065 0.492570 -0.872882 0.541325 -0.811654 -0.219512 -0.716265 -0.308411 -0.625977 0.440377 0.496086 -0.748310
VERTEX_POSE A172 0.135396 0.359292 -0.225264 -0.724272 0.374496 -0.578950 -0.653998 -0.107104 0.748876 -0.218443 -0.921022 -0.322492
VERTEX_POSE A173 -0.429366 -0.414341 0.840551 -0.166769 -0.493033 0.853877 -0.796510 0.577810 0.178065 0.581171 0.650426 0.489067
VERTEX_POSE A174 0.125094 0.266878 0.279533 -0.621978 -0.226533 0.749550 0.727433 -0.521434 0.446035 0.289800 0.822672 0.489109
VERTEX_POSE A175 0.901921 0.616600 -0.272525 -0.065377 -0.779647 0.622797 0.131022 -0.625436 -0.769197 -0.989221 -0.031313 -0.143040
VERTEX_POSE A176 -0.286590 -0.158356 -0.948240 0.120971 -0.716284 0.687244 0.449651 -0.577685 -0.681245 0.884975 0.391430 0.252195
VERTEX_POSE A177 0.515133 -0.759449 -0.156413 0.582895 0.207119 0.785707 -0.062568 -0.952655 0.297545 0.810135 -0.222597 -0.542339
VERTEX_POSE A178 -0.005998 -0.103818 0.826328 0.830705 0.528407 0.175257 0.176666 0.048324 -0.983084 -0.527938 0.847615 -0.053208
VERTEX_POSE A179 -0.655667 -0.746254 -0.383310 -0.628671 0.567362 -0.531858 0.682508 0.730356 -0.027633 -0.372768 0.380369 0.846383
VERTEX_POSE A180 0.927777 0.836138 -0.332382 0.909084 0.052797 0.413254 0.347128 -0.644485 -0.681279 0.230367 0.762792 -0.604218
VERTEX_POSE A181 -0.689644 -0.775142 0.373898 0.254018 -0.932135 0.258069 0.708483 -0.002315 -0.705724 -0.658427 -0.362104 -0.659814
VERTEX_POSE A182 -0.593634 0.978252 -0.413216 -0.465190 -0.873356 -0.144385 0.769240 -0.479542 0.422267 -0.438028 0.085368 0.894899
VERTEX_POSE A183 -0.613725 -0.743225 0.707028 0.706068 0.670381 -0.228159 0.653033 -0.741012 -0.156362 0.273891 0.038593 0.960986
VERTEX_POSE A184 0.264357 -0.926616 -0.798150 0.798191 0.146663 -0.584278 0.512977 -0.673980 0.531606 0.315825 0.724044 0.613200
VERTEX_POSE A185 -0.937656 -0.935530 -0.002933 -0.193620 0.519522 -0.832231 -0.289697 0.780182 0.554429 -0.937330 -0.348444 0.000555
VERTEX_POSE A186 -0.092300 -0.621204 -0.864690 -0.413252 0.610392 -0.675755 0.870345 0.046508 -0.490242 -0.267812 -0.790733 -0.550471
VERTEX_POSE A187 -0.074170 0.979141 0.681539 0.133610 -0.319669 0.938062 -0.934803 -0.354958 0.012185 -0.329077 0.878531 0.346253
VERTEX_POSE A188 -0.253797 -0.443611 -0.756809 0.413908 -0.505879 0.756814 -0.506168 0.563107 0.653226 -0.756620 -0.653450 -0.022986
VERTEX_POSE A189 -0.352633 -0.730101 0.438544 -0.499985 -0.553234 -0.666293 -0.813032 0.564869 0.141078 0.298319 0.612254 -0.732223
VERTEX_POSE A190 -0.772342 -0.970860 -0.779941 -0.183336 0.866927 0.463492 0.675296 -0.231570 0.700251 0.714397 0.441376 -0.542977
VERTEX_POSE A191 -0.629848 0.691544 -0.032607 0.137173 0.162132 0.977188 0.725301 -0.688320 0.012390 0.674627 0.707057 -0.212013
VERTEX_POSE A192 -0.216005 -0.122017 -0.180058 -0.021890 -0.696375 -0.717344 -0.741972 -0.469588 0.478503 -0.670073 0.542723 -0.506412
VERTEX_POSE A193 0.925904 0.883666 0.688453 0.017515 0.928965 -0.369754 0.788277 0.214665 0.576662 -0.615072 0.301568 0.728521
VERTEX_POSE A194 0.450077 -0.467821 0.091436 0.218262 0.835263 0.504676 0.449698 0.372882 -0.811622 0.866102 -0.404098 0.294230
VERTEX_POSE A195 0.918873 0.334658 0.644733 0.623505 -0.759304 -0.186275 -0.653234 -0.636865 0.409498 0.429566 0.133643 0.893092
VERTEX_POSE A196 0.216205 0.792081 -0.020347 0.363296 -0.648206 -0.669212 -0.589272 -0.716235 0.373853 0.721647 -0.258529 0.642175
VERTEX_POSE A197 -0.187603 -0.565593 -0.256345 -0.471902 0.864710 0.172003 0.483436 0.416934 -0.769711 0.737291 0.280075 0.614784
VERTEX_POSE A198 -0.550425 0.479781 -0.242873 -0.416667 0.490420 0.765426 0.905662 0.296672 0.302924 -0.078520 0.819435 -0.567768
VERTEX_POSE A199 0.658100 -0.389928 0.329234 0.364853 0.702568 -0.610967 0.733468 0.187314 0.653405 -0.573504 0.686522 0.446969
VERTEX_POSE A200 -0.635324 -0.581418 0.971069 -0.460568 -0.449589 0.765341 -0.877370 0.099905 -0.469298 -0.134530 0.887631 0.440469
VERTEX_POSE A201 0.283088 0.720706 -0.510074 -0.442956 -0.894127 -0.065781 0.543786 -0.326280 0.773200 0.712802 -0.306723 -0.630741
VERTEX_POSE A202 0.789036 -0.897358 0.456352 -0.910849 -0.388654 0.138930 -0.216085 0.735827 0.641768 -0.351654 0.554533 -0.754210
VERTEX_POSE A203 0.500072 0.777874 -0.254196 -0.522023 0.832683 -0.184745 0.747008 0.341798 -0.570222 0.411669 0.435675 0.800447
VERTEX_POSE A204 0.853722 -0.693635 -0.669523 0.004899 -0.818071 -0.575097 0.999617 -0.011651 0.025089 0.027225 0.575000 -0.817700
VERTEX_POSE A205 -0.085870 0.369520 -0.264115 -0.279146 0.960112 -0.016219 0.664457 0.205325 0.718566 -0.693234 -0.189808 0.695269
VERTEX_POSE A206 0.401993 0.394474 0.473280 0.843615 0.344574 0.411805 0.026313 -0.792543 0.609248 -0.536304 0.503135 0.677668
VERTEX_POSE A207 -0.432869 0.148009 -0.617763 -0.627178 0.597390 0.499773 -0.153001 0.534663 -0.831099 0.763701 0.597713 0.243928
VERTEX_POSE A208 -0.570737 0.610071 0.579472 0.599857 0.549641 -0.581435 0.596458 0.177178 0.782845 0.533301 -0.816396 -0.221556
VERTEX_POSE A209 -0.604005 -0.709344 0.299607 -0.024149 0.045300 -0.998681 -0.365827 -0.930085 -0.033343 0.930369 -0.364540 -0.039033
VERTEX_POSE A210 -0.088536 0.401755 -0.001073 0.738566 0.634206 -0.228698 -0.165538 -0.158243 -0.973425 0.653542 -0.756797 0.011888
VERTEX_POSE A211 -0.642960 0.446209 -0.752910 0.161508 -0.695967 -0.699675 -0.456488 -0.681261 0.572278 -0.874948 0.226965 -0.427730
VERTEX_POSE A212 -0.293649 -0.484485 -0.326495 -0.616956 -0.406542 0.673861 -0.785292 0.374348 -0.493133 -0.051779 -0.833419 -0.550210
VERTEX_POSE A213 0.317830 0.380007 0.585711 0.490182 0.868873 -0.069151 -0.679188 0.331034 -0.655072 -0.546283 0.368071 0.752395
VERTEX_POSE A214 -0.256685 0.702984 0.954118 -0.556813 0.102574 0.824280 -0.830305 -0.040629 -0.555827 -0.023524 -0.993895 0.107791
VERTEX_POSE A215 0.970708 -0.411102 -0.124645 0.542672 -0.333551 0.770877 0.697181 -0.332982 -0.634871 -0.468450 -0.881967 -0.051846
VERTEX_POSE A216 0.380175 0.444478 -0.417223 -0.771099 -0.341759 -0.537221 0.500471 0.196272 -0.843211 0.393617 -0.919064 0.019695
VERTEX_POSE A217 0.651015 -0.918220 -0.910572 0.716724 -0.552935 0.424935 -0.426381 0.134714 0.894456 -0.551820 -0.822262 -0.139208
VERTEX_POSE A218 -0.103461 -0.431961 -0.443106 0.080736 -0.867475 0.490886 0.829053 -0.214950 -0.516205 0.553311 0.448647 0.701828
VERTEX_POSE A219 -0.873623 -0.999133 -0.174031 0.617569 0.180169 -0.765603 0.518770 0.638339 0.568683 -0.591173 0.748373 -0.300752
VERTEX_POSE A220 -0.701617 -0.648321 0.527973 0.690496 -0.046713 0.721827 -0.204482 0.944602 0.256736 0.693832 0.324876 -0.642692
VERTEX_POSE A221 0.124197 -0.402821 -0.223047 -0.612605 0.673097 0.414313 0.608784 0.067520 0.790457 0.504080 0.736465 -0.451134
VERTEX_POSE A222 -0.503471 0.692411 0.793361 0.356250 -0.839885 -0.409486 0.596513 0.541742 -0.592189 -0.719207 0.033297 -0.693998
VERTEX_POSE A223 0.082378 0.229662 -0.652085 -0.454170 0.274116 -0.847697 -0.656698 -0.745998 0.110609 -0.602061 0.606916 0.518822
VERTEX_POSE A224 0.050101 -0.519154 -0.534595 -0.696862 -0.701236 0.150507 0.059113 -0.265295 -0.962353 0.714765 -0.661730 0.226326
VERTEX_POSE A225 0.946607 -0.775410 -0.115202 0.811682 -0.159795 0.561816 0.521445 0.631632 -0.573704 -0.263187 0.758621 0.596009
VERTEX_POSE A226 0.001251 -0.435680 0.992648 0.046167 -0.334056 0.941422 -0.998855 -0.003608 0.047703 -0.012539 -0.942546 -0.333840
VERTEX_POSE A227 -0.733695 -0.727073 0.445058 0.698414 0.006274 0.715666 -0.155855 0.977297 0.143529 0.698518 0.211783 -0.683536
VERTEX_POSE A228 -0.240997 -0.341003 0.628452 0.129799 0.991283 0.022588 0.982245 -0.125437 -0.139498 0.135449 -0.040293 0.989965
VERTEX_POSE A229 0.450826 -0.955899 -0.250225 -0.007883 0.920051 0.391719 -0.469038 -0.349367 0.811138 0.883143 -0.177337 0.434293
VERTEX_POSE A230 0.924406 -0.117000 -0.225709 0.042476 0.481101 -0.875635 0.990050 0.097413 0.101547 0.134153 -0.871236 -0.472177
VERTEX_POSE A231 0.123679 0.077579 0.599521 -0.627617 0.560255 -0.540565 -0.178663 -0.779468 -0.600425 0.757744 0.280258 -0.589304
VERTEX_POSE A232 -0.266086 0.764807 0.239701 -0.616882 0.397628 -0.679226 0.124117 -0.803050 -0.582842 0.777207 0.443849 -0.446035
VERTEX_POSE A233 0.713441 -0.014358 -0.769357 -0.209182 0.623826 -0.753050 0.400852 -0.647711 -0.647911 0.891942 0.437393 0.114572
VERTEX_POSE A234 -0.376249 -0.144547 -0.654675 0.716880 -0.678138 -0.161900 0.469016 0.297259 0.831661 0.515856 0.672135 -0.531157
VERTEX_POSE A235 -0.412364 -0.928828 0.570178 -0.609995 0.765187 0.205900 0.594207 0.613615 -0.519995 -0.524237 -0.194847 -0.828981
VERTEX_POSE A236 -0.372429 -0.644838 -0.033472 -0.776130 -0.498407 0.386282 -0.564506 0.822157 -0.073421 -0.280991 -0.275043 -0.919454
VERTEX_POSE A237 -0.974256 -0.750073 0.818605 0.592773 0.019329 -0.805138 -0.559699 0.728729 -0.394577 -0.579101 -0.684529 -0.442789
VERTEX_POSE A238 0.154767 0.219181 0.952415 0.351968 0.091971 0.931483 -0.707197 0.678060 0.200270 -0.613182 -0.729230 0.303697
VERTEX_POSE A239 0.056834 0.965233 -0.454000 0.566713 0.641849 0.516591 -0.732832 0.106121 0.672083 0.376555 -0.759453 0.530507
VERTEX_POSE A240 -0.578261 -0.459417 0.118212 0.462076 -0.810985 -0.358872 -0.749215 -0.573498 0.331326 -0.474513 0.115775 -0.872602
VERTEX_POSE A241 -0.933769 -0.379064 -0.048658 0.804654 -0.165552 -0.570198 0.583651 0.396872 0.708410 0.109017 -0.902821 0.415969
VERTEX_POSE A242 0.413874 0.411443 -0.206910 0.565494 0.540102 0.623303 -0.575575 -0.282840 0.767278 -0.590703 0.792648 -0.150925
VERTEX_POSE A243 0.128090 0.056098 0.791716 -0.387204 0.563662 0.729628 -0.623370 0.423025 -0.657616 0.679325 0.709460 -0.187573
VERTEX_POSE A244 0.384062 -0.999056 -0.462947 -0.958350 0.243825 -0.148709 -0.128842 -0.833810 -0.536806 -0.254882 -0.495289 0.830496
VERTEX_POSE A245 -0.842811 0.114427 -0.252791 -0.840864 0.528323 0.117570 -0.471531 -0.608424 -0.638341 0.265718 0.592196 -0.760722
VERTEX_POSE A246 0.098798 0.644996 -0.332929 -0.648892 -0.610325 -0.454359 0.213999 -0.719435 0.660771 0.730167 -0.331537 -0.597444
VERTEX_POSE A247 -0.235764 0.445421 0.119830 -0.139745 0.983957 0.110906 -0.244512 -0.142827 0.959070 0.959524 0.106907 0.260548
VERTEX_POSE A248 0.808205 0.196207 -0.163363 -0.002018 0.776357 0.630290 0.940414 -0.212843 0.265179 -0.340026 -0.593269 0.729667
VERTEX_POSE A249 0.995336 -0.786964 0.223965 0.596297 0.465118 0.654289 -0.750898 0.611383 0.249726 0.283869 0.640216 -0.713822
VERTEX_POSE A250 -0.109386 0.446288 0.945799 -0.046433 0.328154 0.943482 0.676863 0.704956 -0.211880 0.734643 -0.628770 0.254849
VERTEX_POSE A251 -0.893412 0.547886 -0.635390 -0.097780 -0.988606 0.114447 -0.410645 0.144830 0.900219 0.906537 -0.041026 0.420127
VERTEX_POSE A252 0.119533 -0.189785 -0.999083 0.786010 -0.571023 0.236901 -0.185057 0.148307 0.971473 0.589867 0.807427 -0.010899
VERTEX_POSE A253 0.387143 0.138699 0.739160 0.043884 -0.083009 0.995582 -0.528343 -0.847707 -0.047391 -0.847896 0.523930 0.081058
VERTEX_POSE A254 0.188965 -0.222452 -0.287475 -0.753653 -0.633282 -0.175957 0.095704 0.159123 -0.982609 -0.650267 0.757387 0.059316
VERTEX_POSE A255 -0.830366 0.291061 -0.533677 0.471222 -0.734512 -0.488305 0.319318 0.658138 -0.681829 -0.822184 -0.165369 -0.544672
VERTEX_POSE A256 0.333749 0.363289 -0.376042 -0.487753 -0.334967 -0.806160 0.829165 -0.466646 -0.307777 -0.273096 -0.818559 0.505351
VERTEX_POSE A257 -0.809784 0.341868 -0.294827 0.500258 -0.532873 -0.682487 0.863279 0.367946 0.345492 0.067015 -0.762012 0.644086
VERTEX_POSE A258 -0.564061 0.563988 0.911380 -0.536596 0.665045 -0.519402 -0.235752 -0.709164 -0.664461 -0.810238 -0.234097 0.537320
VERTEX_POSE A259 -0.907247 -0.977714 -0.747590 -0.670509 -0.399899 0.624898 -0.533444 -0.325515 -0.780691 0.515611 -0.856808 0.004937
VERTEX_POSE A260 0.641042 0.385969 0.454948 0.714973 0.695198 -0.074260 0.302149 -0.403022 -0.863874 0.630492 -0.595209 0.498203
VERTEX_POSE A261 -0.639655 -0.553012 -0.314328 0.496058 -0.773369 -0.394749 0.839855 0.311967 0.444208 0.220388 0.551884 -0.804272
VERTEX_POSE A262 0.216432 0.099865 0.851931 0.919456 -0.254710 -0.299538 -0.170084 -0.944498 0.281062 -0.354503 -0.207478 -0.911746
VERTEX_POSE A263 -0.625044 0.150777 -0.305351 -0.765362 0.132233 0.629869 0.100033 -0.942332 0.319382 0.635778 0.307450 0.707997
VERTEX_POSE A264 -0.926214 0.432630 -0.083685 0.172091 0.837967 0.517877 -0.170279 0.543111 -0.822214 -0.970252 0.053312 0.236153
VERTEX_POSE A265 0.840183 0.955318 -0.802744 -0.294829 0.621493 -0.725825 -0.165003 0.715066 0.679304 0.941196 0.320042 -0.108275
VERTEX_POSE A266 -0.037408 0.221948 -0.735172 0.918035 -0.365042 0.154779 0.265605 0.276343 -0.923628 -0.294391 -0.889033 -0.350649
VERTEX_POSE A267 -0.298643 0.787792 0.882843 -0.055140 0.995955 0.070947 0.350770 0.085848 -0.932519 -0.934837 -0.026533 -0.354084
VERTEX_POSE A268 0.865927 -0.794755 -0.984139 0.637546 -0.503748 -0.582900 0.327007 0.862014 -0.387297 0.697568 0.056308 0.714302
VERTEX_POSE A269 -0.882642 -0.558870 -0.782757 0.777935 -0.498642 0.382327 0.580087 0.803788 -0.132001 0.241488 -0.324471 -0.914550
VERTEX_POSE A270 0.758191 0.753026 -0.571157 -0.291762 0.797110 -0.528669 0.857570 0.462789 0.224502 0.423615 -0.387869 -0.818601
VERTEX_POSE A271 -0.712334 -0.254172 0.134072 0.823069 -0.442745 -0.355715 0.243313 0.840820 -0.483549 -0.513182 -0.311445 -0.799779
VERTEX_POSE A272 -0.816410 0.062066 0.168585 -0.850807 0.098567 -0.516151 0.160188 0.984148 -0.076111 -0.500467 0.147437 0.853109
VERTEX_POSE A273 0.172065 0.164469 0.221933 0.626176 0.068820 0.776638 -0.594385 -0.602513 0.532621 0.504589 -0.795137 -0.336373
VERTEX_POSE A274 0.415755 0.801926 -0.074211 -0.584256 0.773318 0.246220 0.811088 0.545941 0.209963 -0.027947 -0.322379 0.946198
VERTEX_POSE A275 0.567652 0.063009 0.705638 0.723456 0.426728 0.542693 0.615559 -0.754624 -0.227221 -0.312567 -0.498444 0.808613
VERTEX_POSE A276 0.329255 -0.721104 0.969142 -0.912070 0.272611 0.306287 0.101983 0.874325 -0.474505 0.397150 0.401546 0.825247
VERTEX_POSE A277 -0.485447 0.446923 0.592860 0.096159 0.337766 0.936305 0.733659 0.611661 -0.296000 -0.672680 0.715392 -0.188988
VERTEX_POSE A278 -0.668112 -0.491569 -0.174532 -0.556094 0.255722 0.790801 -0.819214 -0.329123 -0.469645 -0.140172 0.909002 -0.392514
VERTEX_POSE A279 0.137459 0.475103 -0.194221 -0.618621 -0.732763 -0.283489 0.784571 -0.556887 -0.272627 0.041899 -0.391070 0.919407
VERTEX_POSE A280 -0.490111 0.659958 -0.183175 -0.785571 -0.041542 -0.617376 0.484060 0.580249 -0.654979 0.385441 -0.813379 -0.435717
VERTEX_POSE A281 0.222501 0.954719 -0.228733 -0.343495 -0.728967 0.592130 -0.283666 0.681576 0.674528 -0.895290 0.063730 -0.440901
VERTEX_POSE A282 0.244047 0.022989 0.170388 -0.364178 0.233492 -0.901585 0.819847 0.539644 -0.191404 -0.441844 0.808867 0.387954
VERTEX_POSE A283 0.629423 -0.529827 -0.182257 0.054410 -0.841918 0.536855 0.249538 0.532056 0.809103 0.966835 -0.089942 -0.239039
VERTEX_POSE A284 -0.390356 0.093418 -0.489572 0.088020 -0.563307 0.821546 -0.845818 -0.477905 -0.237063 -0.526160 0.674012 0.518520
VERTEX_POSE A285 -0.566988 0.800537 0.882913 0.393342 -0.843593 -0.365559 -0.098587 -0.434018 0.895494 0.914091 0.316196 0.253884
VERTEX_POSE A286 0.799057 0.761234 0.284065 0.489142 0.048981 0.870828 -0.591549 -0.715067 0.372491 0.640945 -0.697338 -0.320794
VERTEX_POSE A287 0.943394 -0.543293 0.134386 0.268875 0.514812 0.814049 -0.415651 -0.700406 0.580229 0.868873 -0.494369 0.025661
VERTEX_POSE A288 -0.376772 0.142406 -0.411914 -0.103361 0.690743 -0.715675 0.617290 -0.519647 -0.590695 -0.779917 -0.502834 -0.372677
VERTEX_POSE A289 -0.765004 0.325223 0.195445 0.647065 0.228821 -0.727288 -0.702986 0.548332 -0.452927 0.295155 0.804346 0.515665
VERTEX_POSE A290 -0.963854 -0.521007 0.386796 0.695919 -0.671953 0.253328 -0.292912 -0.587694 -0.754200 -0.655667 -0.450660 0.605811
VERTEX_POSE A291 -0.735730 -0.471625 -0.956966 0.864397 0.224951 -0.449682 -0.172177 0.972696 0.155620 -0.472411 0.057093 -0.879527
VERTEX_POSE A292 -0.404659 0.772211 0.881117 0.233335 0.962372 0.139265 -0.646716 0.260538 -0.716853 -0.726163 0.077202 0.683174
VERTEX_POSE A293 0.252578 0.578858 0.238727 -0.360252 -0.801432 -0.477416 0.416323 -0.596111 0.686532 0.834801 -0.048565 -0.548405
VERTEX_POSE A294 -0.360774 0.679152 -0.262316 0.432503 0.457164 0.777137 0.526748 -0.827651 0.193728 -0.731764 -0.325567 0.598772
VERTEX_POSE A295 -0.330873 0.204841 -0.202568 -0.523368 -0.653622 0.546685 -0.477793 0.756328 0.446858 0.705549 0.027331 0.708134
VERTEX_POSE A296 0.092761 0.534175 0.435983 -0.380593 -0.843293 -0.379480 -0.797142 0.507187 -0.327607 0.468736 0.177814 -0.865256
VERTEX_POSE A297 0.601818 -0.098900 0.002512 0.349683 0.399621 0.847363 -0.881878 0.445713 0.153726 -0.316249 -0.801026 0.508275
VERTEX_POSE A298 0.370484 -0.007367 -0.319725 0.073899 -0.620223 0.780937 0.416077 0.730842 0.541064 -0.906322 0.284946 0.312069
VERTEX_POSE A299 -0.041312 0.739420 0.451844 0.070547 0.360527 -0.930077 0.903749 0.371551 0.212575 -0.422210 0.855553 0.299614
VERTEX_POSE A300 0.719176 0.342230 0.219755 0.727152 0.098167 0.679421 -0.312456 -0.833929 0.454899 -0.611245 0.543070 0.575721
VERTEX_POSE A301 0.128675 -0.254341 0.109118 -0.103458 -0.642440 -0.759320 -0.906132 -0.253924 0.338299 -0.410147 0.723044 -0.555865
VERTEX_POSE A302 0.246353 -0.514752 -0.414083 0.236318 0.275063 -0.931930 0.918048 0.251014 0.306886 0.318341 -0.928080 -0.193202
VERTEX_POSE A303 0.902766 -0.595704 -0.611660 -0.538547 0.509174 -0.671348 -0.838600 -0.401398 0.368279 -0.081960 0.761328 0.643165
VERTEX_POSE A304 -0.699260 0.910127 -0.668949 0.398908 0.676998 -0.618503 0.916562 -0.314993 0.246360 -0.028039 -0.665171 -0.746164
VERTEX_POSE A305 -0.337892 -0.712826 0.511705 -0.400988 -0.810582 0.426808 -0.784871 0.063720 -0.616374 -0.472426 0.582148 0.661753
