VERTEX_POSE A0 -0.403011 0.452834 -0.536264 -0.812703 -0.580640 -0.048701 -0.536162 0.712483 0.452657 0.228132 -0.393987 0.890354
VERTEX_POSE A1 0.919878 0.604311 0.024800 -0.850256 0.157661 0.502202 -0.353948 0.534924 -0.767188 -0.389596 -0.830060 -0.399018
VERTEX_POSE A2 0.952899 0.190625 -0.075601 0.650210 -0.671008 -0.356336 0.751524 0.499188 0.431304 -0.111530 -0.548233 0.828856
VERTEX_POSE A3 0.987458 -0.736256 -0.380076 -0.590360 0.598642 -0.541390 0.762374 0.633852 -0.130450 0.265068 -0.489754 -0.830590
VERTEX_POSE A4 0.873726 0.705338 -0.987664 0.506322 -0.831118 0.229958 -0.321529 -0.429385 -0.843948 -0.800161 -0.353371 0.484636
VERTEX_POSE A5 0.707848 0.376039 -0.519989 0.876561 0.279906 -0.391526 0.314660 0.282265 0.906265 -0.364183 0.917594 -0.159347
VERTEX_POSE A6 0.881763 0.475503 -0.660649 -0.662148 0.747574 -0.051885 -0.748956 -0.657884 0.079083 0.024986 0.091225 0.995517
VERTEX_POSE A7 0.192073 -0.504118 0.296328 -0.350769 0.580372 -0.734935 -0.694595 0.365128 0.619854 -0.628092 -0.727908 -0.275047
VERTEX_POSE A8 -0.351581 -0.710373 0.791332 0.810989 -0.551466 -0.195402 0.294749 0.096603 0.950679 -0.505391 -0.828585 0.240888
VERTEX_POSE A9 -0.554078 0.978381 0.922010 0.495571 -0.604104 -0.624074 0.827788 0.546071 0.128741 -0.263016 0.580401 -0.770686
VERTEX_POSE A10 0.510247 0.494531 -0.839722 -0.496425 -0.573962 0.651253 -0.130538 -0.692334 -0.709671 -0.858209 0.437312 -0.268768
VERTEX_POSE A11 0.770640 -0.535113 -0.748225 0.627989 0.567782 -0.532215 0.250836 0.499710 0.829079 -0.736690 0.654151 -0.171392
VERTEX_POSE A12 0.221593 0.009476 0.353325 0.351007 0.090876 -0.931953 0.930095 0.081221 0.358227 -0.108249 0.992545 0.056014
VERTEX_POSE A13 -0.061026 0.166045 0.561293 -0.330754 -0.773947 0.540008 0.857421 -0.485497 -0.170652 -0.394248 -0.406570 -0.824178
VERTEX_POSE A14 -0.484459 0.046012 -0.844810 -0.092811 0.045638 0.994637 -0.963447 0.248016 -0.101281 -0.251309 -0.967680 0.020951
VERTEX_POSE A15 0.125445 0.907675 -0.207682 0.828355 0.081896 -0.554186 -0.416333 -0.571906 -0.706817 -0.374827 0.816221 -0.439645
VERTEX_POSE A16 -0.005449 -0.057365 -0.727717 0.067259 0.689755 -0.720912 -0.990632 0.132231 0.034092 0.118842 0.711866 0.692187
VERTEX_POSE A17 0.271196 -0.509517 -0.175460 -0.166165 0.677995 0.716039 0.893943 0.410076 -0.180838 0.416238 -0.610050 0.674229
VERTEX_POSE A18 -0.899509 -0.992199 0.035875 0.501856 0.859444 0.097448 0.480256 -0.370577 0.795001 0.719371 -0.352176 -0.598730
VERTEX_POSE A19 0.619594 0.294284 0.190742 0.871368 -0.192868 0.451131 0.208225 0.977952 0.015906 0.444252 -0.080077 -0.892316
VERTEX_POSE A20 -0.352369 0.859108 0.676228 -0.280655 0.166822 0.945200 -0.563815 0.768307 -0.303013 0.776753 0.617960 0.121572
VERTEX_POSE A21 0.535572 0.065494 -0.735475 -0.331429 0.688288 0.645301 -0.940331 -0.296814 -0.166372 -0.077023 0.661937 -0.745592
VERTEX_POSE A22 -0.863961 0.727863 0.480350 0.091606 -0.597997 -0.796246 -0.749609 -0.567776 0.340171 0.655511 -0.565712 0.500276
VERTEX_POSE A23 0.531989 -0.908815 -0.425404 0.180220 0.752239 -0.633764 0.513748 0.477460 0.712808 -0.838799 0.454057 0.300413
VERTEX_POSE A24 0.852411 0.387468 0.191460 -0.071770 -0.733985 0.675363 0.972323 0.099456 0.211416 0.222345 -0.671844 -0.706533
VERTEX_POSE A25 -0.134925 0.455695 -0.568313 -0.921309 0.388818 0.003133 -0.343866 -0.810979 -0.473359 -0.181509 -0.437188 0.880864
VERTEX_POSE A26 -0.812355 0.592213 0.962113 -0.204813 -0.250240 -0.946272 0.606884 -0.790972 0.077816 -0.767948 -0.558340 0.313868
VERTEX_POSE A27 0.669960 0.052854 -0.310925 -0.057135 -0.208048 0.976448 -0.661036 -0.725064 -0.193166 -0.748176 0.656504 0.096101
VERTEX_POSE A28 -0.258716 0.691352 -0.468848 -0.366437 0.731226 0.575354 -0.124917 0.574105 -0.809196 0.922019 0.368391 0.119031
VERTEX_POSE A29 -0.865126 -0.830583 -0.397102 0.766948 -0.585639 -0.262331 -0.300277 -0.688806 0.659833 -0.567119 -0.427286 -0.704133
VERTEX_POSE A30 0.723594 -0.820390 0.464727 -0.212417 -0.488459 -0.846337 0.694137 -0.685032 0.221146 -0.687789 -0.540499 0.484570
VERTEX_POSE A31 0.338273 0.144185 -0.005112 0.197819 -0.955175 0.220245 -0.054806 -0.235111 -0.970422 0.978705 0.179897 -0.098859
VERTEX_POSE A32 -0.945249 0.773729 0.627698 -0.344314 0.829106 -0.440489 0.515678 -0.225056 -0.826696 0.784554 0.511793 0.350062
VERTEX_POSE A33 0.676492 0.370235 -0.610873 0.233877 -0.896296 0.376770 -0.282032 -0.433396 -0.855935 0.930462 0.093922 -0.354146
VERTEX_POSE A34 0.325731 0.407929 0.614813 0.786954 0.147603 0.599097 -0.494742 -0.429244 0.755632 -0.368693 0.891046 0.264770
VERTEX_POSE A35 0.928477 0.479066 0.640034 0.146186 0.804652 0.575470 0.894413 0.141042 -0.424420 -0.422676 0.576752 -0.699072
VERTEX_POSE A36 0.384341 -0.253726 -0.130863 0.642984 0.339159 -0.686690 -0.593982 -0.345177 -0.726662 -0.483483 0.875114 -0.020489
VERTEX_POSE A37 0.207494 -0.116568 0.954163 0.732179 0.578426 0.359634 0.531415 -0.154859 -0.832837 -0.426042 0.800901 -0.420768
VERTEX_POSE A38 0.120550 0.974948 -0.063638 0.490306 0.813572 -0.312571 0.753413 -0.215356 0.621282 -0.438143 0.540113 0.718546
VERTEX_POSE A39 -0.967240 0.035900 -0.339531 0.545972 0.557499 -0.625388 -0.834340 0.429611 -0.345415 -0.076105 -0.710373 -0.699699
VERTEX_POSE A40 0.653416 -0.138187 0.876173 0.172274 -0.138924 0.975204 0.746469 0.664379 -0.037222 0.642734 -0.734371 -0.218157
VERTEX_POSE A41 -0.369203 0.469480 0.096640 0.663916 0.380790 0.643595 0.338264 0.614637 -0.712600 0.666929 -0.690812 -0.279259
VERTEX_POSE A42 0.803400 0.500787 -0.087756 0.555003 -0.796203 -0.240899 0.626523 0.209597 0.750691 -0.547211 -0.567565 0.615167
VERTEX_POSE A43 -0.124991 0.871290 0.229499 0.491286 0.295290 0.819416 0.578863 0.592257 -0.560491 -0.650812 0.749690 0.120034
VERTEX_POSE A44 0.569771 -0.364475 -0.342067 -0.569711 -0.465432 -0.677350 0.814653 -0.428617 -0.390677 0.108490 0.774378 -0.623353
VERTEX_POSE A45 -0.681060 -0.453201 0.067434 -0.257204 0.618955 -0.742119 0.461924 -0.595792 -0.657007 -0.848806 -0.511787 -0.132670
VERTEX_POSE A46 -0.999546 0.778965 -0.978183 0.754381 0.352004 -0.554078 0.161385 -0.917615 -0.363232 -0.636289 0.184595 -0.749040
VERTEX_POSE A47 -0.435678 0.578159 -0.069784 0.790764 -0.263188 0.552653 -0.594098 -0.112512 0.796485 0.147445 0.958161 0.245330
VERTEX_POSE A48 0.590137 0.037283 0.891974 0.359684 -0.784946 0.504468 -0.783240 0.039842 0.620442 0.507112 0.618282 0.600470
VERTEX_POSE A49 -0.899056 0.786766 0.057691 -0.751492 0.555688 -0.355627 -0.044999 0.494611 0.867948 -0.658206 -0.668259 0.346691
VERTEX_POSE A50 -0.816083 -0.127557 -0.879042 0.596095 0.472758 0.648976 0.234004 0.670896 -0.703662 0.768058 -0.571313 -0.289291
VERTEX_POSE A51 -0.762233 -0.103609 0.568202 -0.476544 0.679985 0.557249 -0.878705 -0.388572 -0.277288 -0.027979 0.621797 -0.782678
VERTEX_POSE A52 0.636517 -0.147740 0.322216 0.315951 0.384226 0.867494 -0.317820 -0.818644 0.478344 0.893961 -0.426840 -0.136536
VERTEX_POSE A53 -0.680044 -0.399693 0.601308 0.855572 0.137149 -0.499187 -0.019793 0.972230 0.233190 0.517306 -0.189631 0.834527
VERTEX_POSE A54 0.769757 -0.012424 -0.857201 0.789125 0.587699 -0.178582 -0.614196 0.751812 -0.239878 -0.006716 0.298978 0.954236
VERTEX_POSE A55 0.488928 -0.760272 -0.486323 -0.499850 0.438344 -0.746997 -0.344373 0.690779 0.635792 0.794705 0.575046 -0.194332
VERTEX_POSE A56 0.185031 -0.943999 -0.967004 -0.556631 0.817338 -0.148729 -0.151024 0.076489 0.985566 -0.816917 -0.571058 -0.080862
VERTEX_POSE A57 0.957402 -0.420211 -0.895088 0.102209 -0.136632 -0.985335 0.643914 0.764095 -0.039161 -0.758240 0.630468 -0.166076
VERTEX_POSE A58 0.158888 0.292581 0.202752 0.823001 -0.305473 0.478911 -0.191803 -0.943019 -0.271894 0.534678 0.131912 -0.834696
VERTEX_POSE A59 0.926315 0.747353 -0.435852 -0.138861 -0.849861 -0.508383 0.517945 -0.499873 0.694161 0.844068 0.166923 -0.509595
VERTEX_POSE A60 -0.907725 -0.250794 -0.292190 0.838080 0.384828 -0.386691 -0.527307 0.753170 -0.393297 -0.139892 -0.533519 -0.834139
VERTEX_POSE A61 -0.117518 0.472191 -0.332521 0.169918 -0.588263 -0.790617 0.762470 -0.429787 0.483655 0.624313 0.685004 -0.375504
VERTEX_POSE A62 0.264587 -0.108462 0.559036 0.076391 0.950551 0.301027 -0.535412 -0.215582 0.816614 -0.841129 0.223556 -0.492468
VERTEX_POSE A63 -0.852973 -0.477065 -0.664492 -0.432283 0.309052 -0.847123 -0.685851 0.497228 0.531388 -0.585440 -0.810710 0.002979
VERTEX_POSE A64 -0.441026 -0.157573 0.056606 -0.573338 -0.126393 0.809512 0.291227 0.892068 0.345544 -0.765814 0.433865 -0.474647
VERTEX_POSE A65 -0.409682 -0.700533 0.173849 0.145929 0.970994 0.189408 -0.728080 -0.024210 0.685064 -0.669779 0.237875 -0.703428
VERTEX_POSE A66 -0.924496 -0.997999 0.975541 0.605279 -0.767500 -0.211142 0.671225 0.634693 -0.382911 -0.427895 -0.090044 -0.899332
VERTEX_POSE A67 0.943315 0.588700 0.925743 -0.700441 -0.182249 0.690049 0.201216 0.877202 0.435924 0.684758 -0.444188 0.577757
VERTEX_POSE A68 0.797813 0.182899 0.128012 0.184470 0.623222 0.759977 -0.425707 0.747614 -0.509751 -0.885858 -0.229494 0.403222
VERTEX_POSE A69 0.196055 0.976949 -0.088097 -0.054160 0.969528 -0.238921 0.171247 -0.226708 -0.958790 -0.983738 -0.092842 -0.153751
VERTEX_POSE A70 0.976075 -0.375399 -0.413788 -0.470261 0.647715 -0.599433 -0.620364 -0.725709 -0.297481 -0.627697 0.231973 0.743092
VERTEX_POSE A71 0.451228 -0.955287 0.004185 -0.628054 0.436891 -0.643952 0.178267 -0.724737 -0.665565 0.757475 0.532807 -0.377290
VERTEX_POSE A72 0.826851 0.446429 -0.991457 -0.091296 -0.856895 -0.507342 -0.364645 -0.445318 0.817756 0.926660 -0.259658 0.271807
VERTEX_POSE A73 0.779474 -0.874612 0.498456 0.853425 0.427067 0.298798 -0.467205 0.372678 0.801767 -0.231053 0.823848 -0.517581
VERTEX_POSE A74 -0.673763 0.916003 -0.766316 0.699036 0.032339 -0.714355 -0.556085 -0.603473 -0.571480 0.449575 -0.796728 0.403866
VERTEX_POSE A75 0.396622 -0.918046 -0.333524 -0.031368 -0.458892 0.887938 0.775572 0.549203 0.311229 0.630479 -0.698423 -0.338676
VERTEX_POSE A76 -0.901585 -0.327813 -0.434110 -0.051100 -0.747182 0.662652 -0.327756 0.639315 0.695595 0.943379 0.181644 0.277563
VERTEX_POSE A77 -0.673309 0.694967 -0.744499 0.896183 0.283338 -0.341433 0.433276 -0.724589 0.535951 -0.095543 -0.628244 -0.772127
VERTEX_POSE A78 0.960945 0.660113 0.596693 0.073519 -0.848142 0.524643 0.517345 0.482183 0.707003 -0.852613 0.219443 0.474232
VERTEX_POSE A79 0.688552 0.709470 -0.542136 0.503620 0.357390 0.786536 0.267940 -0.930144 0.251080 -0.821325 -0.084295 0.564198
VERTEX_POSE A80 -0.572365 0.481733 0.313192 0.129922 0.549433 0.825375 0.990738 -0.105085 -0.085999 -0.039484 -0.828903 0.557997
VERTEX_POSE A81 -0.855139 -0.467444 0.717651 0.384698 0.716720 0.581652 -0.682963 -0.202892 0.701710 -0.620942 0.667194 -0.411441
VERTEX_POSE A82 0.926319 -0.394139 -0.973933 -0.724364 -0.312863 0.614340 -0.627522 0.668235 -0.399597 0.285504 0.674965 0.680374
VERTEX_POSE A83 -0.935848 -0.666007 -0.364592 -0.797332 -0.338324 -0.499799 -0.355750 -0.405506 0.842025 -0.487549 0.849177 0.202964
VERTEX_POSE A84 -0.535183 0.132863 0.318959 0.463958 -0.884925 -0.040617 0.453044 0.276428 -0.847548 0.761245 0.374826 0.529161
VERTEX_POSE A85 0.696076 0.593437 -0.831134 -0.545172 0.651078 0.528095 -0.535981 -0.755076 0.377604 0.644602 -0.077190 0.760612
VERTEX_POSE A86 0.553079 -0.426279 0.149085 -0.562398 -0.621440 -0.545454 -0.172445 0.733309 -0.657663 0.808685 -0.275808 -0.519575
VERTEX_POSE A87 0.649848 0.188864 0.351955 0.188817 0.928946 0.318446 -0.808594 -0.036942 0.587206 0.557247 -0.368368 0.744165
VERTEX_POSE A88 0.653478 -0.826774 -0.726223 -0.219982 0.203140 0.954118 -0.668034 0.681376 -0.299093 0.710871 0.703179 0.014186
VERTEX_POSE A89 -0.288033 0.866302 -0.648163 -0.447211 0.813249 -0.372328 0.885682 0.344571 -0.311189 -0.124781 -0.468931 -0.874376
VERTEX_POSE A90 0.576163 -0.063783 0.916103 -0.840806 0.037632 -0.540027 -0.438443 0.537771 0.720118 0.317510 0.842250 -0.435662
VERTEX_POSE A91 0.745753 -0.077568 -0.018413 -0.970133 -0.044334 0.238486 0.179252 0.531373 0.827956 -0.163432 0.845977 -0.507556
VERTEX_POSE A92 0.594449 0.338493 0.019316 0.872133 0.454612 -0.180866 0.489245 -0.806650 0.331593 -0.004850 0.377681 0.925923
VERTEX_POSE A93 -0.159250 0.827755 0.475138 0.014334 0.915600 0.401834 0.880458 -0.202029 0.428927 -0.473908 -0.347650 0.809043
VERTEX_POSE A94 0.892780 0.445367 0.317095 -0.683434 0.651227 -0.329881 0.247000 -0.218948 -0.943956 0.686957 0.726612 0.011216
VERTEX_POSE A95 -0.846577 -0.819080 -0.924078 -0.237918 -0.963199 0.125069 -0.970290 0.229867 -0.075493 -0.043966 0.139314 0.989272
VERTEX_POSE A96 0.431069 -0.872778 -0.351013 -0.208740 -0.927549 0.309968 0.805436 0.016724 0.592446 0.554707 -0.373327 -0.743591
VERTEX_POSE A97 0.968284 0.447368 0.292636 -0.332548 0.679195 0.654298 0.263966 0.733087 -0.626821 0.905391 0.035736 0.423071
VERTEX_POSE A98 -0.903262 0.769620 -0.998335 0.024311 -0.027712 -0.999320 -0.701195 -0.712964 0.002713 0.712555 -0.700652 0.036765
VERTEX_POSE A99 0.228881 0.310122 0.776999 0.826384 0.431843 -0.361388 -0.482205 0.874129 -0.058111 0.290805 0.222285 0.930603
VERTEX_POSE A100 0.164339 0.424317 -0.795461 0.381184 0.557239 0.737688 0.904269 -0.390743 -0.172099 -0.192346 -0.732669 0.652839
VERTEX_POSE A101 -0.927187 -0.605779 -0.412123 0.607209 -0.792263 -0.060131 -0.365942 -0.211685 -0.906243 0.705254 0.572283 -0.418460
VERTEX_POSE A102 -0.319890 0.354834 -0.218815 -0.970695 -0.154057 0.184437 -0.238742 0.705839 -0.666929 -0.027438 -0.691417 -0.721934
VERTEX_POSE A103 -0.008810 -0.129254 -0.786917 0.408901 -0.112847 0.905575 -0.390834 0.875058 0.285520 0.824651 0.470679 -0.313708
VERTEX_POSE A104 0.852287 -0.480391 -0.913666 -0.574520 -0.632931 0.518965 0.592312 0.116089 0.797301 0.564883 -0.765455 -0.308198
VERTEX_POSE A105 0.006347 0.270837 0.014869 0.698122 0.709253 -0.097906 -0.628821 0.541991 -0.557521 -0.342360 0.450783 0.824369
VERTEX_POSE A106 -0.612188 -0.047300 -0.120441 -0.396972 0.787403 0.471604 0.045939 0.530226 -0.846611 -0.916680 -0.314416 -0.246658
VERTEX_POSE A107 0.950702 0.191797 -0.347776 0.734235 -0.538900 0.412899 -0.234278 -0.771958 -0.590927 -0.637192 -0.337146 0.693051
VERTEX_POSE A108 0.333037 -0.034195 0.270369 -0.317117 0.011381 -0.948318 0.354081 -0.926202 -0.129521 -0.879809 -0.376855 0.289685
VERTEX_POSE A109 -0.651243 -0.387187 -0.523749 0.548490 -0.656760 0.517518 0.466957 -0.272829 -0.841139 0.693620 0.703015 0.157035
VERTEX_POSE A110 0.639254 -0.098733 0.110088 0.911244 0.398157 0.105385 0.382747 -0.724121 -0.573719 0.152118 -0.563133 0.812244
VERTEX_POSE A111 0.760673 -0.552462 -0.416438 0.357404 0.479811 0.801276 0.790508 0.301464 -0.533120 -0.497353 0.823954 -0.271550
VERTEX_POSE A112 -0.506382 0.145369 -0.806097 0.864420 0.044726 0.500778 0.426138 0.463390 -0.776966 -0.266805 0.885025 0.381504
VERTEX_POSE A113 0.565573 0.507128 0.136155 0.988147 -0.084639 0.128068 0.133218 0.887341 -0.441450 -0.076276 0.453279 0.888099
VERTEX_POSE A114 0.824824 -0.218469 0.218970 -0.139599 -0.866897 -0.478541 -0.508719 0.477407 -0.716441 0.849539 0.143428 -0.507653
VERTEX_POSE A115 -0.041564 -0.721768 0.512862 0.027271 -0.366383 -0.930064 0.815180 0.546655 -0.191443 -0.578566 0.752949 -0.313576
VERTEX_POSE A116 0.261649 0.100566 0.305020 0.602540 -0.155836 -0.782727 0.242733 -0.898506 0.365742 0.760281 0.410368 0.503559
VERTEX_POSE A117 0.377903 0.355252 -0.631945 0.443306 -0.884551 0.145086 0.820674 0.335418 -0.462589 -0.360519 -0.324137 -0.874621
VERTEX_POSE A118 -0.391716 0.467096 -0.135183 -0.206702 0.730797 0.650546 0.199735 -0.619385 0.759255 0.957800 0.286876 -0.017938
VERTEX_POSE A119 -0.084874 0.273792 0.578798 -0.886173 -0.228163 -0.403286 0.047450 0.821098 -0.568812 0.460919 -0.523201 -0.716808
VERTEX_POSE A120 -0.910129 0.221554 -0.280108 0.793839 0.575268 0.197197 0.249380 -0.012196 -0.968329 -0.554643 0.817874 -0.153142
VERTEX_POSE A121 -0.815553 -0.596687 -0.219081 0.026185 0.634899 0.772152 -0.430564 -0.689935 0.581897 -0.902180 0.347697 -0.255299
VERTEX_POSE A122 -0.339120 -0.803776 -0.439615 -0.886501 0.457727 -0.067834 -0.462676 -0.878990 0.115359 -0.006822 0.133651 0.991005
VERTEX_POSE A123 0.684320 -0.439952 0.739208 0.558745 -0.667289 0.492472 -0.048916 0.566263 0.822772 -0.827896 -0.483809 0.283756
VERTEX_POSE A124 0.025197 -0.768932 -0.743942 -0.112186 0.747623 -0.654580 0.830309 -0.291358 -0.475076 -0.545895 -0.596800 -0.588072
VERTEX_POSE A125 -0.446340 0.641591 0.877479 0.708620 0.647130 0.281212 0.671668 -0.496575 -0.549795 0.216146 -0.578477 0.786540
VERTEX_POSE A126 0.837743 -0.259032 0.815130 -0.849736 0.004404 0.527189 -0.194489 -0.932053 -0.305697 0.490023 -0.362294 0.792856
VERTEX_POSE A127 -0.543734 -0.641710 -0.094955 -0.345804 -0.863492 -0.367151 -0.677587 0.500483 -0.538881 -0.649073 -0.062430 0.758161
VERTEX_POSE A128 -0.478056 0.088958 0.170115 0.275178 -0.905776 -0.322253 0.898179 0.361751 -0.249823 -0.342859 0.220695 -0.913094
VERTEX_POSE A129 0.934481 -0.489412 0.816795 -0.551155 -0.131039 0.824049 -0.647843 0.689606 -0.323641 -0.525860 -0.712231 -0.464972
VERTEX_POSE A130 0.685147 0.668412 -0.317956 0.449811 -0.767863 0.456132 0.406318 0.630740 0.661115 -0.795346 -0.112042 0.595710
VERTEX_POSE A131 0.686282 -0.486725 0.374655 -0.088390 0.835170 -0.542842 0.713989 0.433125 0.550111 -0.694555 0.338959 0.634587
VERTEX_POSE A132 -0.992707 -0.095191 -0.595328 0.791035 0.608252 -0.065515 -0.379456 0.403824 -0.832430 0.479871 -0.683341 -0.550244
VERTEX_POSE A133 -0.634743 0.023246 0.463228 0.198623 0.055498 0.978503 -0.804783 -0.560571 0.195154 0.559351 -0.826245 -0.066679
VERTEX_POSE A134 -0.322528 0.384021 0.587737 -0.878019 -0.222690 -0.423664 0.449879 -0.686124 -0.571702 -0.163374 -0.692563 0.702614
VERTEX_POSE A135 0.859580 0.424418 -0.508994 0.054835 -0.993939 -0.095277 0.829148 -0.007839 0.558975 -0.556334 -0.109650 0.823693
VERTEX_POSE A136 0.371604 -0.705917 -0.521903 0.602792 -0.179395 0.777469 -0.697484 0.354747 0.622632 -0.387502 -0.917590 0.088713
VERTEX_POSE A137 0.065285 -0.663279 -0.532704 -0.212001 -0.119388 0.969950 -0.060905 0.992195 0.108814 -0.975370 -0.036006 -0.217617
VERTEX_POSE A138 0.810282 -0.383785 0.143229 0.604953 -0.773322 -0.189750 0.062772 0.283876 -0.956804 0.793783 0.566911 0.220274
VERTEX_POSE A139 -0.295359 0.259888 0.748467 0.731611 -0.665183 -0.149257 0.539747 0.431450 0.722858 -0.416436 -0.609412 0.674684
VERTEX_POSE A140 0.414042 -0.050467 -0.056453 -0.275517 0.915704 0.292534 -0.735748 -0.396724 0.548894 -0.618680 0.064002 -0.783032
VERTEX_POSE A141 0.449536 0.517482 -0.746683 -0.738327 -0.397603 -0.544781 0.239461 0.600582 -0.762863 -0.630502 0.693696 0.348215
VERTEX_POSE A142 -0.534686 0.707426 -0.667972 -0.524113 -0.851636 0.004634 0.838281 -0.516839 -0.173672 0.150300 -0.087139 0.984793
VERTEX_POSE A143 0.907660 -0.905098 0.137450 0.350081 -0.759505 0.548266 -0.792940 0.071320 0.605111 -0.498687 -0.646580 -0.577274
VERTEX_POSE A144 0.015109 0.024610 0.389472 -0.585848 -0.002710 0.810417 0.341347 -0.907789 0.243722 -0.735027 -0.419417 -0.532751
VERTEX_POSE A145 -0.709862 -0.511043 0.550998 0.719214 0.486409 -0.496122 -0.118340 0.789389 0.602380 0.684636 -0.374529 0.625301
VERTEX_POSE A146 -0.133904 -0.626866 -0.349688 0.811562 -0.493653 -0.312529 -0.581966 -0.635573 -0.507309 -0.051800 -0.593594 0.803096
VERTEX_POSE A147 -0.723243 -0.874824 -0.305508 0.622176 0.775480 -0.107370 0.750385 -0.551616 0.364200 0.223203 -0.307166 -0.925111
VERTEX_POSE A148 0.668041 0.844210 0.919053 0.660607 -0.381608 0.646509 -0.353059 -0.917916 -0.181050 0.662531 -0.108652 -0.741112
VERTEX_POSE A149 0.474380 0.840231 0.515128 -0.944743 -0.325077 0.042256 0.271217 -0.702715 0.657748 0.184125 -0.632864 -0.752052
VERTEX_POSE A150 0.191884 0.398967 -0.726710 -0.140167 0.792835 -0.593099 -0.318761 -0.603254 -0.731079 -0.937414 0.086584 0.337281
VERTEX_POSE A151 0.757912 0.065764 -0.361055 -0.819670 0.395551 -0.414344 0.209575 -0.466102 -0.859550 0.533123 0.791384 -0.299152
VERTEX_POSE A152 0.658827 -0.756456 -0.703952 0.358938 -0.933188 0.017974 0.885774 0.334504 -0.321732 -0.294224 -0.131402 -0.946660
VERTEX_POSE A153 0.852764 0.595191 -0.166326 0.488466 0.430303 -0.759105 -0.096875 0.891316 0.442911 -0.867189 0.142809 -0.477064
VERTEX_POSE A154 0.442232 0.625812 -0.621847 -0.033191 -0.926516 0.374787 0.361286 0.338513 0.868839 -0.931864 0.164244 0.323502
VERTEX_POSE A155 -0.315975 -0.525388 -0.447895 0.436570 0.783759 -0.441733 -0.784683 0.571893 0.239187 0.440089 0.242199 0.864674
VERTEX_POSE A156 -0.593577 0.236782 -0.288847 0.703035 0.319869 -0.635158 0.288170 0.688389 0.665641 -0.650154 0.651002 -0.391785
VERTEX_POSE A157 0.279975 -0.633221 -0.806717 0.675446 0.536988 -0.505387 -0.648178 0.105548 -0.754138 0.351621 -0.836961 -0.419356
VERTEX_POSE A158 0.140291 -0.167098 0.457150 0.657212 0.491513 0.571391 0.392928 -0.870371 0.296752 -0.643180 -0.029487 0.765147
VERTEX_POSE A159 -0.071633 -0.674260 0.881268 -0.253823 -0.431201 0.865817 -0.859076 0.511840 0.003064 -0.444481 -0.743025 -0.500351
VERTEX_POSE A160 0.214455 -0.122633 -0.989922 0.619930 -0.512278 -0.594355 0.597257 -0.183190 0.780849 -0.508892 -0.839054 0.192396
VERTEX_POSE A161 -0.174562 -0.498686 -0.860806 -0.048141 -0.784196 -0.618643 -0.683748 -0.425625 0.592732 -0.728128 0.451531 -0.515702
VERTEX_POSE A162 -0.385351 -0.160985 0.255923 0.900348 0.374334 0.221918 -0.414944 0.584816 0.697002 0.131130 -0.719628 0.681866
VERTEX_POSE A163 0.221749 0.782177 -0.585250 -0.737937 -0.212059 -0.640687 -0.240045 -0.804789 0.542857 0.630735 -0.554388 -0.542980
VERTEX_POSE A164 0.190695 0.524561 0.602422 0.468539 0.675749 -0.569065 -0.701208 0.676281 0.225725 0.537381 0.293271 0.790704
VERTEX_POSE A165 0.292121 -0.776964 -0.156340 -0.588651 0.109283 0.800967 -0.679229 0.470394 -0.563363 0.438336 0.875664 0.202670
VERTEX_POSE A166 0.081329 0.206595 -0.094244 -0.947338 -0.316592 0.048158 -0.179995 0.402037 -0.897757 0.264862 -0.859148 -0.437850
VERTEX_POSE A167 -0.437701 0.818644 -0.919481 0.894024 0.447964 0.006956 -0.241962 0.469712 0.849014 -0.377061 0.760722 -0.528325
VERTEX_POSE A168 -0.642594 -0.440243 0.310956 -0.782994 0.465188 0.412942 -0.001912 0.662058 -0.749450 -0.622027 -0.587604 -0.517498
VERTEX_POSE A169 -0.108388 0.822810 -0.951015 0.221520 -0.863565 0.452972 0.010706 0.466638 0.884383 0.975097 0.191059 -0.112616
VERTEX_POSE A170 0.266940 0.078532 0.828986 0.401689 -0.912191 -0.080955 0.110954 0.136226 -0.984445 0.909030 0.386458 0.155932
VERTEX_POSE A171 0.771448 0.509291 -0.745497 0.994480 -0.085916 -0.060230 0.003568 0.601389 -0.798949 -0.104864 -0.794324 -0.598376
VERTEX_POSE A172 -0.658852 0.340292 -0.697698 -0.654452 -0.655975 -0.376017 -0.562966 0.754732 -0.336822 0.504739 -0.008749 -0.863228
VERTEX_POSE A173 0.732254 -0.214042 -0.838986 -0.120813 0.955012 -0.270843 0.665508 -0.124521 -0.735930 -0.736548 -0.269158 -0.620525
VERTEX_POSE A174 0.679109 0.604193 0.391953 0.496161 -0.745622 -0.444827 -0.518583 0.156407 -0.840600 -0.696344 -0.647753 0.309064
VERTEX_POSE A175 0.356256 -0.635098 0.691773 0.650297 -0.036204 0.758817 0.449694 0.823403 -0.346097 -0.612282 0.566301 0.551737
VERTEX_POSE A176 -0.977608 0.274915 0.712013 0.783264 -0.154678 -0.602140 0.620121 0.263148 0.739056 0.044137 -0.952275 0.302033
VERTEX_POSE A177 -0.454795 0.977327 -0.957735 0.497951 -0.283009 -0.819726 0.486360 -0.691459 0.534170 0.717982 0.664673 0.206668
VERTEX_POSE A178 0.633014 -0.509922 -0.613735 -0.418203 -0.559549 0.715550 0.588391 0.433271 0.682695 -0.692028 0.706528 0.148038
VERTEX_POSE A179 0.690433 0.119125 0.631066 -0.569485 0.567331 0.594830 0.545062 0.802296 -0.243369 -0.615300 0.185624 -0.766126
VERTEX_POSE A180 -0.980415 0.817558 0.557394 0.660365 -0.640055 -0.392743 0.721548 0.395918 0.567993 0.208053 0.658466 -0.723281
VERTEX_POSE A181 -0.175102 0.889045 -0.340445 0.336002 -0.886970 0.316840 0.430627 0.443849 0.785849 0.837653 0.127607 -0.531087
VERTEX_POSE A182 0.448346 -0.815111 -0.729989 0.560858 0.073638 0.824630 0.228107 -0.971230 -0.068414 -0.795868 -0.226474 0.561520
VERTEX_POSE A183 0.678412 -0.938898 0.853441 -0.811553 0.583705 -0.025893 0.584248 0.811169 -0.025678 -0.006015 0.035967 0.999335
VERTEX_POSE A184 -0.322339 0.484236 0.493229 0.695932 -0.587140 0.413456 -0.378440 -0.789182 -0.483710 0.610297 0.180161 -0.771414
VERTEX_POSE A185 -0.109422 0.810700 -0.351836 -0.826543 0.034918 -0.561789 -0.186364 0.924804 0.331672 -0.531126 -0.378839 0.757883
VERTEX_POSE A186 -0.637563 -0.464286 -0.594453 -0.989301 0.082567 -0.120273 0.008204 0.854612 0.519202 -0.145655 -0.512661 0.846146
VERTEX_POSE A187 0.084084 -0.278982 -0.795618 -0.323942 -0.585732 0.742953 0.738121 -0.647710 -0.188809 0.591810 0.487226 0.642162
VERTEX_POSE A188 -0.829448 -0.822520 -0.158553 -0.579446 -0.011714 -0.814927 0.635729 -0.632179 -0.442942 0.509991 0.774733 -0.373760
VERTEX_POSE A189 0.502728 0.368616 0.862697 0.620677 -0.350930 0.701147 0.775932 0.403393 -0.484978 0.112644 -0.845058 -0.522675
VERTEX_POSE A190 -0.987549 0.046757 -0.914349 0.667904 -0.743694 -0.028680 -0.558640 -0.526426 0.640934 0.491757 0.412061 0.767060
VERTEX_POSE A191 0.385008 0.054847 -0.148475 0.883110 -0.458824 -0.097961 -0.337166 -0.765852 0.547531 0.326244 0.450502 0.831031
VERTEX_POSE A192 -0.671834 0.869930 -0.998109 0.419412 -0.868500 -0.264199 0.830547 0.249631 0.497872 0.366449 0.428244 -0.826028
VERTEX_POSE A193 -0.372900 0.885772 0.341574 0.207828 -0.602040 -0.770944 0.741657 -0.416896 0.525492 -0.637771 -0.680988 0.359865
VERTEX_POSE A194 -0.393243 -0.162977 0.266275 0.492809 -0.852552 -0.174053 -0.814147 -0.381185 -0.438022 0.307090 0.357566 -0.881954
VERTEX_POSE A195 0.518862 0.394490 0.604313 0.301828 -0.780068 -0.548082 -0.212163 -0.615436 0.759095 -0.929455 -0.112834 -0.351257
VERTEX_POSE A196 0.919222 -0.891191 -0.814766 0.375886 -0.855782 0.355452 0.877323 0.205152 -0.433839 0.298351 0.474920 0.827912
VERTEX_POSE A197 0.688086 -0.956382 -0.827969 -0.316279 -0.304927 0.898325 -0.025301 -0.943886 -0.329300 0.948329 -0.126879 0.290816
VERTEX_POSE A198 -0.918839 0.213135 0.684833 -0.401736 0.363159 0.840669 -0.912242 -0.078364 -0.402087 -0.080144 -0.928426 0.362771
VERTEX_POSE A199 -0.723372 -0.331434 0.496190 -0.171262 0.967607 -0.185486 -0.620516 -0.252171 -0.742543 -0.765264 -0.012072 0.643603
VERTEX_POSE A200 -0.420303 0.866428 -0.778984 -0.504437 -0.090029 -0.858742 0.716681 0.511036 -0.474564 0.481573 -0.854832 -0.193264
VERTEX_POSE A201 0.348101 -0.708333 0.513819 0.542295 -0.054922 0.838391 0.021480 0.998441 0.051513 0.839913 0.009926 -0.542630
VERTEX_POSE A202 -0.951924 -0.822144 0.750693 0.904950 0.372250 0.206145 -0.170599 0.761210 -0.625664 0.389823 -0.531026 -0.752362
VERTEX_POSE A203 -0.079155 0.206720 -0.476683 -0.593439 -0.786380 -0.171570 -0.757696 0.473902 0.448680 -0.271526 0.396262 -0.877069
VERTEX_POSE A204 0.080355 0.077625 0.674833 -0.030665 -0.805188 -0.592226 -0.696084 0.442410 -0.565456 0.717305 0.394899 -0.574045
VERTEX_POSE A205 0.727185 0.782050 0.142647 -0.263293 0.441504 0.857759 -0.497559 0.699603 -0.512826 0.826506 0.561810 -0.035474
VERTEX_POSE A206 -0.722898 0.571622 -0.784909 0.399200 0.500849 0.767978 -0.663323 0.736018 -0.135206 0.632963 0.455443 -0.626043
VERTEX_POSE A207 0.102747 -0.647460 0.386846 -0.013222 0.930305 -0.366549 0.999912 0.011902 -0.005861 0.001089 0.366595 0.930380
VERTEX_POSE A208 -0.727611 0.759377 0.184912 -0.261757 0.965116 -0.005775 -0.781803 -0.208523 0.587624 0.565921 0.158330 0.809114
VERTEX_POSE A209 0.910115 -0.938300 -0.398644 -0.657216 -0.453762 -0.601804 -0.103525 0.845243 -0.524258 -0.746559 0.282248 0.602483
VERTEX_POSE A210 -0.206820 0.471665 0.017912 -0.011041 0.759718 0.650159 -0.459204 0.573730 -0.678208 -0.888262 -0.306043 0.342531
VERTEX_POSE A211 -0.708026 0.576935 -0.257695 0.905181 -0.359283 0.227076 -0.042068 -0.607373 -0.793302 0.422940 0.708529 -0.564897
VERTEX_POSE A212 -0.264987 0.950745 0.260911 0.080729 0.799716 -0.594926 0.199024 -0.597787 -0.776556 -0.976664 -0.055714 -0.207421
VERTEX_POSE A213 -0.758474 0.656554 0.287923 0.151646 -0.976553 0.152799 0.423973 0.203909 0.882422 -0.892889 -0.069033 0.444954
VERTEX_POSE A214 0.970387 0.638037 -0.404253 0.760188 0.639302 0.115789 -0.649546 0.751751 0.113844 0.014264 0.161754 -0.986728
VERTEX_POSE A215 0.412675 0.434981 -0.245859 -0.725582 -0.353560 -0.590361 0.034206 -0.875384 0.482216 0.687285 -0.329694 -0.647256
VERTEX_POSE A216 0.132103 0.467254 0.936087 -0.242616 -0.842067 0.481726 0.970066 -0.215945 0.111086 0.010484 0.494257 0.869252
VERTEX_POSE A217 -0.667176 -0.826250 0.001293 0.637462 0.733657 0.235350 0.631987 -0.323164 -0.704384 0.440720 -0.597756 0.669666
VERTEX_POSE A218 -0.503241 -0.844001 -0.041477 0.954273 0.154061 -0.256180 -0.032955 -0.797532 -0.602376 -0.297115 0.583274 -0.755986
VERTEX_POSE A219 0.302656 0.644734 -0.222466 0.072170 -0.997209 -0.019100 -0.899324 -0.056781 -0.433581 -0.431287 -0.048468 0.900912
VERTEX_POSE A220 0.835552 0.542366 -0.136010 0.030963 0.540462 -0.840799 0.345445 0.783579 0.516403 0.937928 -0.306439 -0.162438
VERTEX_POSE A221 -0.490790 0.202756 0.044174 -0.178895 0.617426 -0.766017 0.884778 0.441479 0.149210 0.430306 -0.651062 -0.625263
VERTEX_POSE A222 -0.312336 -0.300419 0.629060 0.525508 -0.092903 -0.845701 -0.616276 -0.726867 -0.303097 0.586553 -0.680466 0.439228
VERTEX_POSE A223 -0.836282 0.412296 -0.134119 0.559173 0.823327 -0.097250 -0.357238 0.345138 0.867906 -0.748136 0.450568 -0.487116
VERTEX_POSE A224 0.136310 0.088528 -0.614253 -0.519371 0.500256 -0.692819 -0.295774 0.655397 0.694962 0.801731 0.565861 -0.192431
VERTEX_POSE A225 0.294420 0.536604 -0.104665 0.435299 0.666723 0.604975 -0.077994 -0.641527 0.763125 -0.896901 0.379372 0.227256
VERTEX_POSE A226 0.682580 -0.193213 -0.529805 0.607766 -0.369387 0.702975 0.533459 -0.465835 -0.705988 -0.588253 -0.804084 0.086066
VERTEX_POSE A227 0.055532 0.197337 -0.429019 -0.563208 0.423507 -0.709534 -0.473845 -0.868992 -0.142560 -0.676955 0.255918 0.690100
VERTEX_POSE A228 -0.017494 0.580222 0.067366 0.618726 0.257758 -0.742118 0.296561 0.798118 0.524461 0.727481 -0.544581 0.417375
VERTEX_POSE A229 0.763740 -0.980079 -0.844972 -0.589648 0.657691 -0.468783 0.802689 0.541502 -0.249930 -0.089470 0.523658 0.847217
VERTEX_POSE A230 0.332160 0.865903 -0.932829 0.498134 0.578552 0.645864 -0.542925 -0.372663 0.752565 -0.676088 0.725534 -0.128475
VERTEX_POSE A231 0.562204 0.446651 0.288382 -0.426287 0.554936 0.714370 0.772742 -0.187151 0.606502 -0.470265 -0.810568 0.349042
VERTEX_POSE A232 0.111841 -0.688412 0.668847 -0.246565 -0.258331 0.934062 0.869828 -0.483973 0.095758 0.427323 0.836083 0.344034
VERTEX_POSE A233 0.380236 -0.956240 0.817864 0.744297 -0.245722 0.621001 0.610648 0.626914 -0.483827 -0.270427 0.739324 0.616660
VERTEX_POSE A234 -0.516951 -0.346629 0.811699 -0.849588 -0.435590 -0.297424 0.526635 -0.669284 -0.524132 -0.029246 0.601931 -0.798013
VERTEX_POSE A235 -0.807804 0.389213 0.343680 0.283541 0.485136 0.827192 -0.261793 -0.790668 0.553451 -0.922534 0.373479 0.097182
VERTEX_POSE A236 0.107421 0.825809 -0.039490 -0.524142 -0.182187 -0.831916 -0.500297 -0.724650 0.473904 -0.689187 0.664598 0.288672
VERTEX_POSE A237 -0.239849 -0.775007 -0.973210 -0.960672 0.273218 -0.049613 0.172416 0.446832 -0.877846 -0.217675 -0.851876 -0.476366
VERTEX_POSE A238 0.294943 0.741753 -0.269474 0.204347 0.231022 -0.951247 0.950111 -0.280740 0.135922 -0.235652 -0.931565 -0.276865
VERTEX_POSE A239 0.379810 0.585186 -0.854578 0.434488 0.591847 -0.678923 0.579674 -0.760677 -0.292143 -0.689346 -0.266622 -0.673584
VERTEX_POSE A240 -0.329734 -0.713307 -0.371853 0.349792 0.817591 0.457373 0.234273 -0.549043 0.802289 -0.907062 0.173485 0.383590
VERTEX_POSE A241 -0.911877 0.213418 0.748437 0.512952 -0.673969 0.531645 -0.557036 -0.732566 -0.391226 -0.653139 0.095465 0.751196
VERTEX_POSE A242 0.671785 0.162121 -0.112273 -0.191276 0.631598 -0.751331 0.569876 0.694696 0.438907 0.799159 -0.344213 -0.492811
VERTEX_POSE A243 0.405279 -0.762562 0.889058 -0.708637 0.703758 -0.050581 0.558725 0.603486 0.568885 0.430882 0.374873 -0.820860
VERTEX_POSE A244 -0.670351 -0.130028 0.036360 0.211429 -0.807204 0.551108 0.961564 0.070716 -0.265320 -0.175195 -0.586021 -0.791129
VERTEX_POSE A245 0.642172 -0.199842 0.483474 -0.931069 0.267036 -0.248602 -0.072605 0.532151 0.843531 -0.357547 -0.803435 0.476081
VERTEX_POSE A246 -0.182046 0.672419 -0.356801 -0.755351 -0.153262 -0.637146 0.475366 -0.797389 -0.371750 -0.451078 -0.583680 0.675164
VERTEX_POSE A247 0.461752 -0.662774 -0.027553 -0.715492 -0.577665 -0.392904 -0.670821 0.411003 0.617313 0.195115 -0.705251 0.681580
VERTEX_POSE A248 0.974996 -0.026092 -0.515233 0.181720 -0.686434 0.704121 -0.408068 0.598838 0.689111 0.894684 0.412554 0.171291
VERTEX_POSE A249 0.314713 0.828418 0.601722 -0.913862 -0.388838 0.116879 0.125789 0.002564 0.992054 -0.386048 0.921303 0.046569
VERTEX_POSE A250 -0.235592 0.981960 0.749982 0.061449 -0.639047 0.766709 0.969031 -0.145873 -0.199248 0.239171 0.755209 0.610293
VERTEX_POSE A251 0.810548 -0.483725 0.348758 0.631560 0.388754 -0.670822 0.457908 -0.885220 -0.081894 -0.625661 -0.255453 -0.737083
VERTEX_POSE A252 0.823923 0.031174 -0.354105 0.465728 -0.041385 -0.883960 -0.061015 -0.998030 0.014579 0.882822 -0.047145 0.467336
VERTEX_POSE A253 0.452072 -0.318460 0.379041 0.910137 0.036403 0.412706 0.360557 0.421087 -0.832277 -0.204082 0.906289 0.370121
VERTEX_POSE A254 0.974266 0.928571 -0.785361 -0.166611 -0.591783 -0.788691 0.805247 0.379957 -0.455204 0.569050 -0.710933 0.413226
VERTEX_POSE A255 -0.039767 -0.880298 0.031643 0.624036 0.340236 0.703434 -0.284126 0.937407 -0.201348 0.727909 0.074215 -0.681645
VERTEX_POSE A256 -0.253508 -0.781856 -0.725623 -0.041590 0.153639 0.987251 -0.993710 0.096469 -0.056875 0.103978 0.983407 -0.148660
VERTEX_POSE A257 0.656846 -0.264643 -0.315166 0.651505 -0.041240 -0.757522 -0.553755 0.656664 -0.512005 -0.518553 -0.753055 -0.404983
VERTEX_POSE A258 -0.984235 0.317040 0.602624 -0.738026 0.391471 0.549608 0.423722 -0.365029 0.828983 -0.525145 -0.844692 -0.103526
VERTEX_POSE A259 0.728999 0.798367 0.341743 0.896079 0.261506 -0.358687 0.105275 0.659796 0.744034 -0.431230 0.704474 -0.563700
VERTEX_POSE A260 0.420586 -0.244721 -0.160138 0.239290 0.958696 0.153758 0.938636 -0.187894 -0.289239 -0.248402 0.213534 -0.944828
VERTEX_POSE A261 0.347925 0.182943 0.669794 0.247802 0.561512 -0.789493 0.769911 -0.608792 -0.191335 0.588074 0.560426 0.583174
VERTEX_POSE A262 0.291202 0.245017 -0.369875 0.859678 -0.133092 0.493194 -0.339251 -0.870561 0.356416 -0.381919 0.473720 0.793554
VERTEX_POSE A263 -0.467573 0.066867 -0.491292 0.356616 -0.628244 -0.691473 0.923901 0.127285 0.360841 -0.138682 -0.767534 0.625827
VERTEX_POSE A264 -0.271839 0.226702 0.487658 0.853326 -0.110721 -0.509485 0.506608 0.407018 0.760056 0.123215 -0.906685 0.403411
VERTEX_POSE A265 0.774251 0.898388 -0.558176 0.430914 0.151057 -0.889660 -0.595846 0.788038 -0.154801 0.677702 0.596806 0.429584
VERTEX_POSE A266 -0.275376 -0.543921 0.852388 0.267790 -0.728770 0.630224 0.040593 -0.644999 -0.763104 -0.962622 -0.229935 0.143141
VERTEX_POSE A267 0.835582 0.052511 -0.551832 0.278181 0.923287 -0.264870 0.815509 -0.372722 -0.442746 0.507505 0.092840 0.856633
VERTEX_POSE A268 -0.465598 -0.876619 -0.531386 0.284740 -0.647033 -0.707299 0.956737 0.237859 0.167564 -0.059818 0.724411 -0.686768
VERTEX_POSE A269 -0.980434 -0.802168 -0.417086 -0.839839 -0.510622 0.184218 0.383710 -0.798469 -0.463912 -0.383976 0.318925 -0.866516
VERTEX_POSE A270 0.215393 -0.362303 -0.406410 0.677216 0.658444 0.328375 -0.069662 0.501665 -0.862252 0.732479 -0.561055 -0.385604
VERTEX_POSE A271 0.204668 -0.589925 0.096761 -0.205877 0.708387 -0.675132 0.814476 0.506471 0.283049 0.542442 -0.491606 -0.681234
VERTEX_POSE A272 -0.892310 0.411250 -0.668649 0.976785 -0.069799 0.202534 -0.088901 -0.992252 0.086795 0.194907 -0.102786 -0.975421
VERTEX_POSE A273 -0.112823 0.799819 0.481317 0.199942 -0.238913 -0.950234 -0.045235 0.966531 -0.252529 -0.978763 -0.093475 -0.182443
VERTEX_POSE A274 -0.390053 -0.352487 -0.014181 0.736209 -0.414993 0.534582 -0.156618 0.663998 0.731148 0.658383 0.622002 -0.423846
VERTEX_POSE A275 -0.562662 -0.718778 0.367711 -0.126688 -0.610701 0.781661 -0.580893 -0.593079 -0.557513 0.804061 -0.524692 -0.279616
VERTEX_POSE A276 -0.470651 -0.400024 -0.035209 -0.400557 -0.804782 0.438041 -0.912938 0.309795 -0.265653 -0.078090 0.506314 0.858806
VERTEX_POSE A277 0.427901 -0.680068 0.629018 0.617205 0.461634 0.637144 -0.651996 -0.153192 0.742585 0.440408 -0.873743 0.206433
VERTEX_POSE A278 0.899090 -0.381552 -0.659842 -0.624481 -0.043100 0.779850 -0.764279 -0.172024 -0.621519 0.160940 -0.984149 0.074485
VERTEX_POSE A279 -0.495655 0.573885 0.449559 -0.414757 0.442645 -0.795011 0.908286 0.148869 -0.390966 0.054707 0.884253 0.463792
VERTEX_POSE A280 -0.257387 -0.851650 0.230739 -0.365873 0.745622 0.556942 -0.230878 -0.652446 0.721810 0.901572 0.135505 0.410861
VERTEX_POSE A281 -0.336502 -0.399592 -0.909860 0.908548 -0.229425 -0.349148 0.046307 -0.775271 0.629928 -0.415206 -0.588488 -0.693748
VERTEX_POSE A282 -0.685108 -0.909840 -0.201684 -0.282958 -0.756912 0.589083 -0.638808 0.606860 0.472911 0.715443 0.242497 0.655238
VERTEX_POSE A283 -0.433464 0.179524 0.876634 -0.183712 0.666665 -0.722363 -0.789907 0.337266 0.512151 0.585062 0.664687 0.464643
VERTEX_POSE A284 -0.884430 0.281948 0.469181 0.030785 -0.274677 0.961044 -0.521661 -0.824576 -0.218962 0.852597 -0.494598 -0.168673
VERTEX_POSE A285 -0.710842 -0.981270 0.012955 0.810428 0.578784 0.090636 0.378778 -0.635704 0.672612 -0.446915 0.510773 0.734424
VERTEX_POSE A286 0.526769 0.299227 -0.091723 0.360408 0.167613 0.917612 -0.838764 -0.372194 0.397425 0.408143 -0.912895 0.006446
VERTEX_POSE A287 -0.137938 0.500092 0.743558 0.949305 -0.215748 -0.228632 0.253044 0.092921 0.962982 -0.186517 -0.972018 0.142805
VERTEX_POSE A288 0.946004 -0.245912 0.697789 0.571418 0.348410 -0.743029 -0.366397 0.918467 0.148900 0.734326 0.187159 0.652485
VERTEX_POSE A289 0.542533 -0.383734 -0.489100 0.177480 -0.381257 -0.907273 -0.077450 0.913638 -0.399083 -0.981072 -0.141098 -0.132624
VERTEX_POSE A290 -0.408939 0.298459 0.085301 0.077693 0.620820 0.780094 0.996894 -0.058486 -0.052740 -0.012882 -0.781769 0.623436
VERTEX_POSE A291 0.366591 0.509367 -0.462349 0.528547 0.307759 -0.791153 0.751532 -0.603028 0.267499 -0.394762 -0.735963 -0.550020
VERTEX_POSE A292 -0.109542 0.799209 -0.819305 0.900566 -0.428932 -0.070704 -0.209314 -0.570389 0.794257 0.381011 0.700481 0.603454
VERTEX_POSE A293 0.882263 -0.456524 0.715425 0.220593 -0.523244 0.823137 -0.865880 0.283427 0.412214 -0.448987 -0.803670 -0.390544
VERTEX_POSE A294 0.899018 -0.423767 0.046359 -0.489488 0.435449 -0.755503 0.773078 0.617528 -0.144950 0.403426 -0.655014 -0.638909
VERTEX_POSE A295 0.618619 0.025911 0.668353 0.311662 -0.287208 0.905748 -0.159324 0.923934 0.347797 -0.936740 -0.252703 0.242196
VERTEX_POSE A296 0.656514 -0.558136 -0.842750 0.306481 -0.683664 0.662324 0.162586 -0.647985 -0.744098 0.937889 0.335736 -0.087441
VERTEX_POSE A297 -0.376358 0.032312 -0.101253 -0.827182 -0.418469 -0.375037 -0.558948 0.681429 0.472474 -0.057845 -0.600448 0.797569
VERTEX_POSE A298 0.454201 -0.921577 -0.883479 0.808639 0.503958 -0.303528 0.347873 0.006468 0.937519 0.474434 -0.863704 -0.170083
VERTEX_POSE A299 -0.809084 -0.434754 -0.374136 -0.768244 -0.493906 0.407257 0.582888 -0.276691 0.763992 0.264656 -0.824318 -0.500458
VERTEX_POSE A300 -0.356792 0.230144 0.481661 0.435709 0.894474 -0.100371 -0.703887 0.269108 -0.657361 -0.560982 0.357068 0.746861
VERTEX_POSE A301 -0.330406 -0.283880 -0.289889 -0.562211 -0.346054 -0.751109 -0.385853 0.913087 -0.131867 -0.731461 -0.215681 0.646874
VERTEX_POSE A302 0.395584 -0.024680 0.722625 -0.461662 -0.598480 -0.654744 0.134855 -0.776882 0.615036 -0.876745 0.195643 0.439365
VERTEX_POSE A303 -0.249102 -0.358606 0.813012 0.259044 -0.941352 -0.216222 -0.963188 -0.268427 0.014693 -0.071871 0.204457 -0.976234
VERTEX_POSE A304 0.556772 -0.484062 -0.808572 0.630477 -0.743049 -0.224449 -0.088490 -0.356081 0.930256 -0.771148 -0.566643 -0.290253
VERTEX_POSE A305 -0.994469 0.622833 -0.291556 -0.618276 -0.325429 0.715424 0.147844 0.845849 0.512524 0.771931 -0.422653 0.474855
