VERTEX_POSE A0 0.284937 0.471798 0.745933 -0.391948 0.543707 0.742132 -0.903739 -0.378486 -0.200009 0.172140 -0.749087 0.639716
VERTEX_POSE A1 -0.331771 -0.956077 -0.565400 -0.275271 0.893287 -0.355338 0.768836 0.426455 0.476474 -0.577163 0.142037 0.804182
VERTEX_POSE A2 -0.055844 0.174760 -0.210082 0.574224 0.635540 -0.516097 -0.379637 -0.351813 -0.855630 0.725357 -0.687253 -0.039255
VERTEX_POSE A3 -0.731669 0.623905 -0.003606 -0.618581 0.374275 0.690851 -0.618977 0.309455 -0.721876 0.483967 0.874160 -0.040245
VERTEX_POSE A4 -0.725048 -0.240723 0.498370 -0.423133 -0.523686 -0.739400 -0.594991 -0.454850 0.662644 0.683333 -0.720323 0.119127
VERTEX_POSE A5 0.315730 -0.878494 0.949712 -0.401384 0.715980 -0.571195 0.876703 0.119825 -0.465869 -0.265109 -0.687761 -0.675798
VERTEX_POSE A6 -0.405842 -0.324521 0.162711 -0.667980 0.560498 -0.489536 -0.309746 -0.807536 -0.501940 0.676654 0.183654 -0.713029
VERTEX_POSE A7 -0.266395 -0.169472 0.508824 -0.327671 -0.862156 -0.386419 0.639942 0.098359 -0.762102 -0.695058 0.497004 -0.519500
VERTEX_POSE A8 -0.577267 0.089229 -0.931522 0.721434 -0.212402 0.659104 0.358738 -0.699489 -0.618080 0.592317 0.682349 -0.428438
VERTEX_POSE A9 0.372605 -0.500812 0.214198 -0.979069 -0.183128 -0.088811 0.071828 -0.719178 0.691103 0.190431 -0.670259 -0.717279
VERTEX_POSE A10 -0.865677 -0.772065 0.543290 -0.345638 0.453775 0.821354 -0.774915 -0.631651 0.022875 -0.529189 0.628573 -0.569960
VERTEX_POSE A11 -0.506134 -0.462762 -0.604321 -0.398264 -0.723698 0.563602 0.912978 -0.372121 0.167324 0.088636 0.581195 0.808922
VERTEX_POSE A12 -0.139227 0.777809 0.722230 0.338624 0.931794 0.130742 -0.256584 -0.042240 0.965599 -0.905262 0.360521 -0.224780
VERTEX_POSE A13 0.819559 -0.064649 -0.891843 -0.041121 0.936867 -0.347260 0.938749 -0.082786 -0.334510 0.342140 0.339745 0.876079
VERTEX_POSE A14 0.627842 0.314683 -0.799581 0.616100 -0.787435 0.019135 -0.757720 -0.599135 -0.258646 -0.215131 -0.144853 0.965783
VERTEX_POSE A15 0.213194 -0.352457 0.216071 0.853677 0.513983 -0.084004 0.472373 -0.832078 -0.290705 -0.219315 0.208487 -0.953118
VERTEX_POSE A16 -0.828343 -0.072008 0.024236 0.588439 0.721567 0.364802 0.439113 -0.664048 0.605161 -0.678910 0.195911 0.707602
VERTEX_POSE A17 0.788163 -0.069863 -0.385028 -0.560028 -0.108204 -0.821377 -0.314389 -0.889519 0.331536 -0.766503 0.443902 0.464138
VERTEX_POSE A18 -0.711915 0.449066 0.802506 -0.103701 0.981717 -0.159615 0.232329 0.179950 0.955846 -0.967093 -0.062039 0.246743
VERTEX_POSE A19 -0.897458 0.332756 0.027442 0.395212 -0.207713 -0.894798 0.873553 -0.216283 0.436035 0.284100 0.953979 -0.095971
VERTEX_POSE A20 0.676310 -0.443658 0.725324 0.574531 -0.425730 0.699048 0.136176 0.891894 0.431256 -0.807075 -0.152577 0.570395
VERTEX_POSE A21 0.520626 -0.867483 0.637542 0.392689 -0.059066 0.917773 -0.710794 0.613752 0.343628 0.583581 0.787286 -0.199030
VERTEX_POSE A22 0.001387 -0.094586 -0.388560 -0.356989 0.097920 0.928962 -0.928161 0.074863 -0.364572 0.105244 0.992375 -0.064160
VERTEX_POSE A23 0.232304 -0.455253 0.818839 0.629393 -0.777004 0.011352 -0.751481 -0.612309 -0.245672 -0.197839 -0.146093 0.969287
VERTEX_POSE A24 0.558183 0.989628 -0.729050 -0.419438 0.685845 -0.594717 -0.279161 -0.720835 -0.634402 0.863794 0.100070 -0.493807
VERTEX_POSE A25 0.922275 0.966504 0.424781 0.140852 -0.563069 0.814318 0.983546 -0.014405 -0.180083 -0.113129 -0.826284 -0.551775
VERTEX_POSE A26 -0.421729 0.718501 0.082686 0.568970 -0.643356 -0.512216 -0.710725 -0.698035 0.087275 0.413694 -0.314388 0.854411
VERTEX_POSE A27 0.348773 -0.360214 -0.041486 -0.002396 0.015954 0.999870 -0.950812 -0.309756 0.002664 0.309758 -0.950682 0.015912
VERTEX_POSE A28 0.157955 -0.939525 -0.314375 0.666697 0.672865 0.320574 -0.405292 0.688249 -0.601707 0.625503 -0.271230 -0.731560
VERTEX_POSE A29 0.477072 0.681436 -0.964390 -0.731912 -0.650784 0.201954 -0.540042 0.734749 0.410485 -0.415523 0.191375 -0.889222
VERTEX_POSE A30 -0.271913 -0.912194 -0.600569 -0.516961 -0.444024 -0.731843 0.601016 -0.797053 0.059041 -0.609534 -0.409327 0.678911
VERTEX_POSE A31 -0.557108 0.532273 -0.568442 0.855729 0.313891 -0.411340 -0.468111 0.130937 -0.873915 0.220454 -0.940387 -0.258982
VERTEX_POSE A32 -0.854700 0.725359 -0.529790 0.760268 0.640399 0.109008 -0.460724 0.649858 -0.604498 -0.457960 0.409357 0.789113
VERTEX_POSE A33 0.672243 0.262566 0.189349 -0.051228 0.979628 -0.194179 0.862114 0.141526 0.486549 0.504118 -0.142480 -0.851801
VERTEX_POSE A34 -0.288777 0.156178 0.427951 0.315502 -0.642081 -0.698706 -0.942080 -0.300220 -0.149508 0.113769 -0.705408 0.699612
VERTEX_POSE A35 -0.579747 -0.515365 0.968579 0.947403 -0.276481 -0.161199 -0.090203 -0.713939 0.694374 0.307067 0.643311 0.701328
VERTEX_POSE A36 -0.012028 0.384071 0.139061 0.510556 -0.764317 0.393894 -0.115572 -0.514942 -0.849399 0.852042 0.388142 -0.351240
VERTEX_POSE A37 0.305381 0.831657 -0.409337 -0.515740 0.133305 -0.846311 0.597000 -0.652589 -0.466602 0.614494 0.745893 -0.256983
VERTEX_POSE A38 0.153858 0.315163 0.477403 0.604422 0.008624 0.796618 0.709868 0.448049 -0.543452 0.361610 -0.893967 -0.264689
VERTEX_POSE A39 0.410705 -0.526700 0.207540 0.791110 0.067260 -0.607965 0.478782 0.550483 0.683912 0.380674 -0.832132 0.403290
VERTEX_POSE A40 -0.322014 -0.669155 0.804861 -0.000151 -0.750966 -0.660341 -0.974569 0.148084 -0.168184 -0.224086 -0.643523 0.731891
VERTEX_POSE A41 0.288181 0.543099 0.020694 0.554910 -0.162107 0.815963 -0.491322 -0.855361 0.164197 -0.671326 0.492015 0.554295
VERTEX_POSE A42 0.904571 0.010538 0.603218 0.682556 -0.297730 0.667438 0.672450 -0.101826 -0.733104 -0.286230 -0.949204 -0.130707
VERTEX_POSE A43 0.538759 -0.891346 0.527091 -0.484699 0.582752 0.652278 -0.250025 0.622309 -0.741767 -0.838185 -0.522620 -0.155931
VERTEX_POSE A44 0.107741 -0.521551 0.128851 0.227982 0.078752 -0.970475 -0.966851 0.136027 -0.216092 0.114993 0.987570 0.107153
VERTEX_POSE A45 0.532413 -0.674779 0.803637 0.187203 -0.394813 0.899487 -0.235940 -0.906942 -0.348981 -0.953565 0.146895 0.262935
VERTEX_POSE A46 -0.248047 -0.243803 -0.256838 -0.562213 0.782866 0.266528 0.121602 -0.240525 0.962996 0.818003 0.573819 0.040029
VERTEX_POSE A47 0.279397 0.406441 -0.846914 0.757923 0.640775 -0.122315 -0.616625 0.764909 0.186247 0.212902 -0.065738 0.974860
VERTEX_POSE A48 0.320576 0.255359 -0.581391 -0.799675 -0.015013 -0.600246 -0.034838 -0.996843 0.071346 -0.599422 0.077965 0.796627
VERTEX_POSE A49 0.040038 -0.794737 -0.454332 0.407836 -0.840266 -0.357244 -0.528587 0.101746 -0.842759 0.744490 0.532543 -0.402658
VERTEX_POSE A50 0.381939 -0.260803 0.180528 -0.036641 -0.153500 0.987469 -0.786048 0.614593 0.066370 -0.617079 -0.773766 -0.143177
VERTEX_POSE A51 -0.003114 0.811700 -0.856067 0.328114 -0.835321 -0.441111 -0.291895 -0.533766 0.793657 -0.898409 -0.131652 -0.418962
VERTEX_POSE A52 -0.439336 -0.662220 -0.816789 0.264722 0.633401 -0.727135 0.360014 0.634602 0.683864 -0.894602 0.442813 0.060040
VERTEX_POSE A53 -0.616674 0.644611 0.791968 0.606617 -0.783236 0.136224 -0.792752 -0.608819 0.029721 -0.059658 0.126021 0.990232
VERTEX_POSE A54 -0.770810 -0.643552 0.962772 0.025541 0.610145 0.791878 -0.488471 -0.683515 0.542406 0.872206 -0.400663 0.280581
VERTEX_POSE A55 -0.881153 -0.672592 -0.545839 -0.494377 0.248686 -0.832915 0.787551 -0.277410 -0.550279 -0.367906 -0.928008 -0.058708
VERTEX_POSE A56 -0.694399 0.611115 0.216749 -0.728902 -0.431541 0.531483 -0.659974 0.649331 -0.377894 -0.182032 -0.626213 -0.758104
VERTEX_POSE A57 -0.192539 -0.925051 0.045458 -0.678145 0.295196 0.673037 -0.410121 0.607926 -0.679872 -0.609853 -0.737078 -0.291196
VERTEX_POSE A58 0.467620 -0.032806 0.412675 0.329205 0.263776 0.906668 0.225802 0.910341 -0.346832 0.916863 -0.318906 -0.240127
VERTEX_POSE A59 0.463556 0.671590 0.902374 -0.175760 -0.150117 -0.972920 0.424585 0.880098 -0.212497 0.888164 -0.450436 -0.090949
VERTEX_POSE A60 -0.715467 0.756384 0.081068 -0.435710 0.831091 0.345607 0.441654 0.531974 -0.722458 -0.784282 -0.162144 -0.598841
VERTEX_POSE A61 -0.804294 0.054999 0.812106 -0.814585 0.010001 0.579958 0.024060 -0.998408 0.051011 0.579545 0.055507 0.813048
VERTEX_POSE A62 0.906448 0.203863 -0.666069 -0.668027 -0.725499 -0.165501 -0.300377 0.466384 -0.832022 -0.680818 0.506101 0.529480
VERTEX_POSE A63 -0.570166 0.481743 0.551278 0.641661 0.689055 0.336860 0.726306 -0.687024 0.021833 0.246476 0.230654 -0.941301
VERTEX_POSE A64 0.867949 -0.682435 0.001455 -0.796628 -0.249780 0.550449 -0.570313 0.008806 -0.821380 0.200318 -0.968262 -0.149468
VERTEX_POSE A65 -0.382329 -0.639959 0.761883 -0.492372 0.781333 0.383521 -0.778011 -0.592635 0.208526 0.390216 -0.195711 0.899682
VERTEX_POSE A66 -0.149913 0.966378 0.519857 -0.351142 -0.912867 -0.208264 -0.821569 0.193694 0.536196 0.449136 -0.359384 0.817997
VERTEX_POSE A67 -0.144079 0.701636 -0.859484 -0.607255 0.044201 -0.793277 0.392937 0.884502 -0.251509 0.690538 -0.464438 -0.554487
VERTEX_POSE A68 0.923051 -0.808302 -0.647455 0.267163 -0.827936 0.493098 -0.907947 -0.387721 -0.159074 0.322888 -0.405208 -0.855307
VERTEX_POSE A69 -0.996055 0.281542 -0.002740 0.122696 0.106457 -0.986718 -0.384936 0.921502 0.051555 -0.914751 -0.373498 -0.154043
VERTEX_POSE A70 -0.733374 -0.825064 0.348056 0.332606 -0.721514 -0.607281 0.273466 0.690065 -0.670094 -0.902546 -0.056807 -0.426829
VERTEX_POSE A71 -0.398963 -0.477457 -0.842593 -0.947579 -0.319331 -0.011021 0.273379 -0.792401 -0.545311 0.165402 -0.519738 0.838161
VERTEX_POSE A72 0.292126 -0.175360 -0.982046 0.614644 -0.159656 0.772478 0.647221 -0.457727 -0.609583 -0.450908 -0.874640 0.178006
VERTEX_POSE A73 -0.828804 0.185474 -0.048725 0.490753 -0.742101 -0.456560 -0.871122 -0.407336 -0.274271 -0.017564 -0.532319 0.846362
VERTEX_POSE A74 -0.860204 -0.368803 0.684498 -0.493620 -0.513339 -0.702013 0.246490 -0.856691 0.453126 0.834016 -0.050633 -0.549412
VERTEX_POSE A75 -0.600133 0.303090 0.146804 0.679359 0.086670 0.728670 0.724105 0.081760 -0.684827 -0.118931 0.992876 -0.007214
VERTEX_POSE A76 0.703609 0.510696 -0.245088 0.162331 0.577223 -0.800289 0.650069 0.547599 0.526826 -0.742334 0.605763 0.286342
VERTEX_POSE A77 -0.108251 0.387394 -0.572340 -0.230412 0.926004 -0.299042 -0.762627 -0.362716 -0.535572 -0.604409 0.104656 0.789770
VERTEX_POSE A78 0.679264 -0.290469 0.299891 -0.603507 0.675935 -0.422955 0.684634 0.167373 -0.709410 -0.408724 -0.717703 -0.563779
VERTEX_POSE A79 0.024186 -0.233946 0.173521 0.608648 -0.291415 -0.737987 -0.571162 0.484692 -0.662455 -0.550746 -0.824712 -0.128562
VERTEX_POSE A80 0.931787 0.592656 -0.026672 -0.793901 0.577151 -0.191359 0.100333 0.434741 0.894949 -0.599712 -0.691301 0.403049
VERTEX_POSE A81 0.061203 0.448728 -0.519581 -0.841828 0.324872 0.431026 -0.517227 -0.713813 -0.472172 -0.154276 0.620426 -0.768941
VERTEX_POSE A82 -0.978928 -0.422245 0.317454 0.131328 0.453682 -0.881434 -0.306447 -0.827007 -0.471327 -0.942785 0.332011 0.030421
VERTEX_POSE A83 -0.507550 0.930436 0.156539 -0.740997 -0.455819 0.493105 0.664307 -0.604849 0.439151 0.098081 0.652982 0.750995
VERTEX_POSE A84 0.444529 0.093339 -0.727614 0.719433 0.508456 0.473169 -0.456586 0.859579 -0.229464 0.523398 0.050958 -0.850563
VERTEX_POSE A85 -0.749738 -0.065798 0.280226 0.903600 0.125152 0.409687 -0.426906 0.342246 0.837030 0.035457 0.931238 -0.362682
VERTEX_POSE A86 -0.388703 -0.742156 0.610700 0.541094 -0.552064 -0.634383 -0.699293 -0.714390 0.025231 0.467126 -0.429968 0.772607
VERTEX_POSE A87 0.750130 -0.295546 0.489135 -0.829836 -0.509028 -0.228609 -0.121089 -0.235656 0.964263 0.544710 -0.827863 -0.133918
VERTEX_POSE A88 0.057724 0.009151 -0.674315 -0.648631 -0.401982 0.646288 0.456693 -0.884853 -0.092017 0.608859 0.235470 0.757525
VERTEX_POSE A89 -0.921083 0.225038 0.023374 0.711555 -0.570932 0.409544 -0.690241 -0.459010 0.559355 0.131369 0.680696 0.720691
VERTEX_POSE A90 0.213686 -0.623956 0.391509 -0.933520 -0.357989 0.019630 0.119354 -0.361933 -0.924532 -0.338077 0.860726 -0.380599
VERTEX_POSE A91 0.342257 -0.234464 0.406753 0.885015 -0.343120 0.314670 0.359557 0.933103 0.006206 -0.295749 0.107650 0.949181
VERTEX_POSE A92 -0.725377 -0.719963 -0.164520 -0.015510 0.970791 0.239427 0.909007 0.113434 -0.401048 0.416492 -0.211420 0.884215
VERTEX_POSE A93 0.120134 0.579907 0.725440 0.262614 -0.216229 0.940361 -0.843798 -0.524169 0.115118 -0.468016 0.823706 0.320108
VERTEX_POSE A94 0.772091 -0.752721 -0.041969 -0.423494 -0.901641 -0.087725 -0.677173 0.379404 -0.630468 0.601739 -0.207594 -0.771242
VERTEX_POSE A95 -0.857428 -0.402398 0.836935 -0.205406 -0.623034 0.754743 0.655659 0.484934 0.578749 -0.726580 0.613733 0.308889
VERTEX_POSE A96 0.737805 0.939948 0.487323 0.764691 0.069494 0.640639 -0.572262 0.530286 0.625551 0.296250 0.844966 -0.445273
VERTEX_POSE A97 -0.377823 -0.786343 -0.522112 0.452060 -0.820551 -0.349769 0.493455 0.556710 -0.668263 -0.743064 -0.129500 -0.656571
VERTEX_POSE A98 -0.001507 -0.700762 0.977451 -0.761637 -0.492364 0.421291 -0.049585 -0.603948 -0.795480 0.646104 -0.626757 0.435576
VERTEX_POSE A99 0.660856 -0.868354 0.839869 0.726716 0.055276 -0.684711 -0.632702 0.442049 -0.635831 -0.267529 -0.895286 -0.356217
VERTEX_POSE A100 -0.373878 0.495199 0.475148 0.953129 -0.180208 -0.243044 0.283784 0.253847 0.924677 0.104939 0.950309 -0.293089
VERTEX_POSE A101 0.265118 -0.525826 0.325508 -0.178319 -0.227722 0.957259 0.878101 -0.475815 0.050382 0.444005 0.849554 0.284810
VERTEX_POSE A102 -0.738107 -0.345811 0.997275 -0.580966 0.515043 0.630246 -0.628488 -0.775892 0.054720 0.517185 -0.364312 0.774465
VERTEX_POSE A103 0.918248 -0.680161 0.493101 0.856805 -0.433805 -0.278744 -0.139585 -0.715523 0.684502 0.496388 0.547576 0.673616
VERTEX_POSE A104 0.436315 0.659649 -0.723217 0.621632 0.505557 -0.598319 0.170876 0.657917 0.733449 -0.764444 0.558174 -0.322594
VERTEX_POSE A105 -0.598311 0.285386 0.681773 -0.508551 -0.793734 0.333710 0.501793 -0.588160 -0.634249 -0.699700 0.155094 -0.697399
VERTEX_POSE A106 -0.681885 0.622928 -0.360094 -0.795602 0.028371 0.605156 -0.496235 -0.603522 -0.624109 -0.347518 0.796841 -0.494242
VERTEX_POSE A107 0.139924 0.170344 0.031694 -0.627699 0.591222 0.506410 -0.767610 -0.578296 -0.276311 0.129494 -0.562165 0.816824
VERTEX_POSE A108 0.293438 -0.327220 -0.890567 -0.726274 0.647809 0.229933 0.035534 0.369428 -0.928580 -0.686487 -0.666233 -0.291325
VERTEX_POSE A109 0.997379 -0.667541 0.939796 -0.458146 0.199553 0.866187 0.400891 0.916125 0.000983 -0.793340 0.347697 -0.499718
VERTEX_POSE A110 -0.835890 0.936399 -0.794785 -0.275766 0.931916 0.235555 0.955657 0.292147 -0.037011 0.103308 -0.214903 0.971156
VERTEX_POSE A111 0.225224 -0.734564 0.082762 0.503835 -0.556777 0.660416 0.844244 0.155639 -0.512864 0.182765 0.815951 0.548472
VERTEX_POSE A112 0.058582 0.781187 -0.579785 0.545211 0.650525 -0.528736 0.645261 0.076978 0.760074 -0.535148 0.755574 0.377789
VERTEX_POSE A113 -0.814818 -0.485846 0.522670 -0.200257 0.693654 0.691911 -0.371349 0.599784 -0.708773 -0.906641 -0.398877 0.137477
VERTEX_POSE A114 0.717675 -0.804128 -0.760699 0.397421 0.917045 -0.032927 0.789135 -0.323235 0.522287 -0.468318 0.233552 0.852134
VERTEX_POSE A115 -0.496889 -0.125474 -0.307399 -0.826937 -0.555572 0.086690 0.263462 -0.246626 0.932611 -0.496753 0.794050 0.350316
VERTEX_POSE A116 -0.564556 0.448356 -0.197104 0.791619 -0.606945 -0.070409 0.270076 0.244210 0.931354 0.548086 0.756294 -0.357242
VERTEX_POSE A117 -0.671028 -0.546284 0.850000 -0.396634 0.266421 -0.878465 0.550635 -0.696635 -0.459892 -0.734495 -0.666123 0.129608
VERTEX_POSE A118 -0.746759 0.578980 -0.818264 0.052808 0.916786 -0.395873 0.174176 0.381894 0.907645 -0.983298 0.116882 0.139515
VERTEX_POSE A119 0.493168 -0.542493 0.128581 -0.276646 -0.392744 -0.877052 -0.206278 -0.867127 0.453365 -0.938572 0.306338 0.158873
VERTEX_POSE A120 -0.592112 0.678754 -0.126625 -0.625241 0.036698 0.779568 -0.618217 0.586366 -0.523434 0.476321 0.809215 0.343933
VERTEX_POSE A121 0.466927 0.955024 0.573246 0.838762 -0.348159 0.418645 -0.214410 0.495556 0.841696 0.500506 0.795745 -0.341005
VERTEX_POSE A122 -0.164576 0.223043 -0.464666 -0.626672 -0.700066 0.342330 -0.733369 0.381240 -0.562873 0.263538 -0.603791 -0.752319
VERTEX_POSE A123 -0.317489 0.958791 0.708855 0.081371 0.996133 -0.033142 -0.060248 -0.028275 -0.997783 -0.994861 0.083187 0.057715
VERTEX_POSE A124 -0.412939 0.534931 0.298686 -0.465740 0.214166 0.858615 0.753347 0.605015 0.257729 -0.464278 0.766870 -0.443121
VERTEX_POSE A125 -0.392485 0.470321 0.493364 -0.098886 0.731221 0.674935 -0.237685 -0.675983 0.697533 -0.966296 0.091446 -0.240645
VERTEX_POSE A126 -0.174918 -0.443607 0.545790 -0.662792 -0.445836 -0.601613 -0.748118 0.428634 0.506549 -0.032034 -0.785814 0.617633
VERTEX_POSE A127 -0.675134 0.474879 -0.213991 0.429007 -0.802487 0.414691 -0.689288 0.005881 0.724464 -0.583811 -0.596641 -0.550621
VERTEX_POSE A128 0.229693 0.683978 0.971252 0.634896 0.590973 0.497652 -0.254136 0.768030 -0.587830 0.729604 -0.246740 -0.637807
VERTEX_POSE A129 0.823575 -0.144369 0.523241 -0.216841 0.879508 0.423610 0.972243 0.155504 0.174818 0.087880 0.449760 -0.888816
VERTEX_POSE A130 0.985721 0.606525 -0.374122 -0.472987 -0.636625 0.609092 -0.777651 0.626619 0.051063 -0.414176 -0.449509 -0.791454
VERTEX_POSE A131 0.855815 0.179177 0.446399 -0.719808 -0.182458 0.669766 0.238823 -0.971031 -0.007863 0.651798 0.154295 0.742531
VERTEX_POSE A132 0.088693 0.329805 -0.151251 0.812461 0.174037 -0.556433 0.468941 -0.762156 0.446332 -0.346411 -0.623562 -0.700835
VERTEX_POSE A133 -0.752386 -0.739286 -0.376847 -0.246317 -0.205456 -0.947162 0.871209 0.381249 -0.309264 0.424645 -0.901353 0.085087
VERTEX_POSE A134 0.774063 0.499016 -0.060499 -0.183074 0.932025 0.312753 0.673606 0.350638 -0.650622 -0.716058 0.091560 -0.692010
VERTEX_POSE A135 -0.474992 -0.010546 0.125531 -0.988287 0.142169 0.055471 0.108409 0.909867 -0.400488 0.107408 0.389783 0.914622
VERTEX_POSE A136 -0.350697 0.546100 -0.695074 0.216469 0.671635 -0.708554 0.058520 -0.733383 -0.677292 0.974534 -0.105148 0.198059
VERTEX_POSE A137 -0.907822 0.121944 0.579406 -0.650415 0.468973 -0.597515 -0.639296 -0.762793 0.097200 0.410196 -0.445209 -0.795945
VERTEX_POSE A138 0.664932 -0.840202 -0.842774 -0.568668 0.211411 -0.794935 -0.648471 -0.709782 0.275128 0.506066 -0.671948 -0.540724
VERTEX_POSE A139 0.942741 -0.781120 -0.585641 0.793273 0.289600 0.535584 0.577317 -0.078276 -0.812759 -0.193451 0.953942 -0.229285
VERTEX_POSE A140 -0.910443 0.454403 0.519202 0.508080 -0.855763 -0.097593 -0.762270 -0.499514 0.411620 0.400998 0.134743 0.906115
VERTEX_POSE A141 0.829041 -0.903803 -0.637559 -0.756134 -0.654111 -0.020015 0.486653 -0.582479 0.651066 0.437528 -0.482553 -0.758757
VERTEX_POSE A142 0.167965 -0.515684 0.497121 -0.573440 0.799347 0.179474 0.575760 0.237371 0.782404 0.582810 0.551995 -0.596350
VERTEX_POSE A143 0.148139 0.235590 0.939417 -0.275722 -0.329216 0.903103 0.768545 0.488790 0.412824 0.577336 -0.807899 -0.118247
VERTEX_POSE A144 -0.985777 -0.389649 0.885111 0.835591 0.458552 -0.302519 0.017915 -0.573136 -0.819265 -0.549060 0.679151 -0.487122
VERTEX_POSE A145 -0.114361 -0.319812 0.736421 -0.560262 -0.079013 -0.824538 0.621544 0.617900 -0.481542 0.547531 -0.782277 -0.297075
VERTEX_POSE A146 0.651250 -0.889885 -0.367982 0.479407 -0.858568 -0.181742 0.748531 0.508144 -0.426018 0.458117 0.068197 0.886272
VERTEX_POSE A147 -0.550333 -0.941293 -0.311993 0.143684 0.466141 0.872965 0.474384 0.741722 -0.474140 -0.868513 0.482247 -0.114556
VERTEX_POSE A148 0.214611 0.133904 0.586422 0.780723 0.403121 0.477457 0.521118 -0.841677 -0.141481 -0.344830 -0.359268 0.867190
VERTEX_POSE A149 0.904491 0.689095 -0.186245 0.822269 0.397624 -0.407146 -0.329574 0.915955 0.228929 0.463955 -0.054056 0.884208
VERTEX_POSE A150 0.942834 -0.483786 0.816588 0.977693 -0.174936 -0.116247 -0.178769 -0.402527 -0.897783 -0.110262 -0.898537 0.424821
VERTEX_POSE A151 0.622499 -0.187341 -0.540204 0.749240 0.117540 0.651785 0.463307 0.610229 -0.642626 -0.473272 0.783457 0.402750
VERTEX_POSE A152 0.371418 0.644119 -0.613000 -0.119368 -0.954698 0.272585 0.178122 -0.290686 -0.940093 0.976741 -0.063664 0.204752
VERTEX_POSE A153 -0.221741 0.739256 -0.648079 -0.996882 0.063535 0.046784 -0.025997 -0.824325 0.565520 0.074496 0.562540 0.823407
VERTEX_POSE A154 -0.694990 -0.228550 -0.831349 -0.275002 -0.960068 0.051405 0.566848 -0.205090 -0.797885 -0.776567 0.190281 -0.600613
VERTEX_POSE A155 0.958479 0.179049 0.685686 0.819902 0.511441 -0.257273 -0.118590 0.591357 0.797642 -0.560087 0.623478 -0.545506
VERTEX_POSE A156 0.385774 0.209577 0.845286 -0.089374 -0.963840 -0.251046 -0.789032 0.222335 -0.572709 0.607817 0.146898 -0.780372
VERTEX_POSE A157 0.130092 0.327843 0.714440 0.166993 0.614458 0.771074 -0.299415 0.776727 -0.554118 0.939395 0.138337 -0.313686
VERTEX_POSE A158 -0.716655 -0.346072 -0.528305 0.527152 0.718452 0.453804 0.293440 -0.655084 0.696246 -0.797499 0.233863 0.556151
VERTEX_POSE A159 -0.384533 -0.106444 0.816537 -0.450146 0.796696 -0.403292 -0.723601 -0.590090 -0.358043 0.523230 -0.130651 -0.842117
VERTEX_POSE A160 -0.046333 -0.816526 0.237681 -0.441742 0.475390 0.760834 0.787965 0.611049 0.075694 -0.428923 0.632948 -0.644517
VERTEX_POSE A161 -0.730934 -0.739547 0.097573 0.528204 0.497162 0.688354 0.831394 -0.138043 -0.538264 -0.172582 0.856606 -0.486252
VERTEX_POSE A162 -0.528718 -0.927267 0.262937 0.122885 0.290658 0.948903 -0.774473 0.625963 -0.091442 0.620556 0.723663 -0.302029
VERTEX_POSE A163 -0.957640 0.513279 -0.913570 -0.937198 -0.150983 -0.314427 -0.316606 0.746501 0.585233 0.146360 0.648029 -0.747421
VERTEX_POSE A164 -0.483319 -0.478832 0.720726 0.733128 0.434101 -0.523526 0.389583 0.362907 0.846477 -0.557448 0.824533 -0.096938
VERTEX_POSE A165 -0.754655 0.571749 -0.797562 -0.467154 -0.153676 0.870719 0.790048 0.369597 0.489104 0.396978 -0.916396 0.051247
VERTEX_POSE A166 -0.432632 -0.497267 0.211961 -0.177388 -0.689076 -0.702643 0.983965 -0.137681 -0.113387 -0.018608 -0.711490 0.702450
VERTEX_POSE A167 0.165984 -0.932732 -0.974348 0.594262 0.574492 -0.562860 -0.466695 -0.323651 -0.823071 0.655018 -0.751804 -0.075779
VERTEX_POSE A168 -0.662477 -0.306307 0.781844 0.885857 0.166859 0.432915 0.202635 -0.978536 -0.037487 0.417368 0.120932 -0.900655
VERTEX_POSE A169 -0.767701 -0.337468 0.369187 0.520712 -0.670100 0.528984 0.080411 -0.578364 -0.811806 -0.849937 -0.465253 0.247278
VERTEX_POSE A170 0.108724 -0.713852 -0.559989 -0.759665 0.357140 0.543470 0.500466 -0.212581 0.839251 0.415262 0.909539 -0.017246
VERTEX_POSE A171 -0.572921 -0.851905 0.301046 0.976516 -0.214789 0.016778 0.150942 0.737652 0.658093 0.153727 0.640106 -0.752750
VERTEX_POSE A172 -0.938660 -0.241271 0.731628 -0.313647 -0.879863 0.357025 0.608740 -0.474887 -0.635545 0.728739 0.017999 0.684555
VERTEX_POSE A173 -0.723311 -0.229537 0.937131 -0.540381 -0.825528 -0.162763 -0.635200 0.527097 -0.564525 -0.551823 0.201672 0.809209
VERTEX_POSE A174 0.575218 0.383685 0.240463 0.434499 -0.478378 0.763128 0.899922 0.195996 -0.389521 0.036768 0.856002 0.515663
VERTEX_POSE A175 -0.924437 0.369080 0.616739 0.841280 0.452548 -0.295718 0.000610 -0.547812 -0.836601 0.540600 -0.703635 0.461140
VERTEX_POSE A176 0.162328 0.450651 0.673552 0.735715 -0.635255 -0.234894 -0.582887 -0.417252 -0.697240 -0.344915 -0.649886 0.677260
VERTEX_POSE A177 0.226468 0.493801 0.872481 0.689760 -0.661350 -0.294701 0.701771 0.510494 0.496904 -0.178184 -0.549556 0.816234
VERTEX_POSE A178 -0.474770 0.427786 -0.695254 0.641650 0.719796 0.264912 -0.760547 0.641799 0.098298 0.099265 0.264551 -0.959249
VERTEX_POSE A179 -0.623061 -0.415445 0.259974 0.098341 0.443808 0.890710 0.127275 -0.893307 0.431050 0.986980 0.070975 -0.144335
VERTEX_POSE A180 0.130960 0.182896 -0.313764 -0.369126 0.574821 0.730292 0.375606 -0.626484 0.682963 -0.850098 -0.526401 -0.015346
VERTEX_POSE A181 -0.531935 0.944000 -0.878666 -0.937475 0.101676 -0.332869 -0.221751 0.562658 0.796393 0.268265 0.820413 -0.504931
VERTEX_POSE A182 0.999437 0.397214 0.719770 0.201729 -0.972251 -0.118462 -0.184811 0.080991 -0.979431 0.961847 0.219473 -0.163345
VERTEX_POSE A183 -0.497622 -0.172986 0.073236 0.969276 0.164659 -0.182734 0.233170 -0.378479 0.895760 0.078334 -0.910846 -0.405244
VERTEX_POSE A184 0.246323 0.683256 -0.526745 0.071222 0.886580 0.457059 -0.834315 0.304083 -0.459838 0.546668 0.348580 -0.761345
VERTEX_POSE A185 -0.695553 -0.831336 0.888421 -0.741300 0.424898 -0.519554 -0.637759 -0.204721 0.742532 -0.209136 -0.881789 -0.422742
VERTEX_POSE A186 -0.539142 -0.993937 -0.241078 0.634867 0.405900 -0.657411 -0.723190 0.012731 -0.690531 -0.271917 0.913829 0.301625
VERTEX_POSE A187 -0.367902 -0.107167 -0.681459 -0.934874 0.240461 -0.261131 0.253800 -0.061541 -0.965297 -0.248186 -0.968706 -0.003495
VERTEX_POSE A188 0.434539 0.496507 0.602861 -0.646170 -0.671620 -0.362479 -0.695591 0.322839 0.641816 -0.314034 0.666859 -0.675782
VERTEX_POSE A189 -0.255797 -0.340009 0.230617 0.871486 0.067153 0.485800 0.403311 -0.661716 -0.632038 -0.279018 -0.746742 0.603760
VERTEX_POSE A190 0.247564 0.786389 -0.864922 0.846610 0.502629 0.174974 -0.211657 0.619622 -0.755824 -0.488317 0.602854 0.630963
VERTEX_POSE A191 -0.611794 0.679981 -0.159457 0.434747 0.692341 -0.575898 0.171054 -0.691337 -0.701993 0.884158 -0.206680 0.418984
VERTEX_POSE A192 0.013269 -0.079555 -0.671810 0.591748 -0.197965 -0.781437 -0.631935 -0.715770 -0.297207 0.500492 -0.669689 0.548656
VERTEX_POSE A193 0.718846 0.859122 0.398015 -0.814809 -0.463028 -0.348843 0.578845 -0.683016 -0.445452 -0.032008 -0.564884 0.824549
VERTEX_POSE A194 -0.569434 0.193260 -0.073027 0.277579 -0.590781 -0.757580 -0.892160 0.134000 -0.431387 0.356371 0.795627 -0.489876
VERTEX_POSE A195 0.529950 0.441612 -0.951084 -0.614391 0.657108 0.436730 0.460863 -0.150401 0.874634 -0.640414 -0.738640 0.210432
VERTEX_POSE A196 0.964190 0.430871 0.600452 0.392875 -0.574754 -0.717848 0.390091 0.811064 -0.435894 -0.832753 0.108774 -0.542853
VERTEX_POSE A197 -0.002067 0.695994 -0.861066 0.461901 -0.863382 0.203024 0.265132 0.352850 0.897330 0.846376 0.360650 -0.391892
VERTEX_POSE A198 -0.304067 0.508880 -0.925433 -0.539383 0.419750 -0.729984 -0.839842 -0.205279 0.502519 -0.061082 -0.884121 -0.463248
VERTEX_POSE A199 -0.698287 -0.875437 0.382296 -0.552289 -0.102434 0.827336 0.833269 -0.037712 0.551580 -0.025300 0.994025 0.106183
VERTEX_POSE A200 0.230232 -0.641475 0.508121 -0.736078 -0.000517 0.676896 -0.501802 -0.670728 -0.546186 -0.454295 0.741703 -0.493449
VERTEX_POSE A201 0.804658 0.795028 -0.485422 0.457680 0.887296 -0.056869 -0.178122 0.154167 0.971856 -0.871092 0.434670 -0.228607
VERTEX_POSE A202 -0.271208 -0.727342 -0.316658 0.547587 0.662365 0.511293 -0.204007 0.698291 -0.686127 -0.811498 0.271407 0.517503
VERTEX_POSE A203 0.291573 0.117254 0.239749 0.391313 0.790688 0.470836 0.822684 -0.071294 -0.564010 0.412388 -0.608054 0.678385
VERTEX_POSE A204 -0.918654 -0.434509 -0.548291 -0.836260 -0.156157 -0.525628 -0.507747 0.582461 0.634769 -0.207035 -0.797718 0.566377
VERTEX_POSE A205 -0.695989 0.656344 0.923806 -0.252553 0.700891 0.667059 0.888914 0.440363 -0.126148 0.382164 -0.561099 0.734247
VERTEX_POSE A206 0.367136 -0.513666 -0.143512 0.461621 -0.381331 -0.800932 -0.001744 0.902498 -0.430691 -0.887075 -0.200213 -0.415947
VERTEX_POSE A207 0.243674 -0.983858 -0.874739 0.066753 -0.956790 -0.283013 0.937410 -0.037019 0.346254 0.341769 0.288413 -0.894434
VERTEX_POSE A208 0.530479 0.150144 0.796287 -0.349287 -0.610919 0.710476 0.658809 0.379063 0.649832 0.666310 -0.695046 -0.270077
VERTEX_POSE A209 0.892366 0.914120 0.161234 -0.135296 0.602186 -0.786808 -0.552785 0.613153 0.564333 0.822267 0.511288 0.249922
VERTEX_POSE A210 0.620613 -0.399303 0.385235 -0.948674 -0.261207 0.178295 -0.298044 0.549861 -0.780271 -0.105775 0.793362 0.599490
VERTEX_POSE A211 -0.338561 -0.666960 -0.517477 0.004624 -0.560022 -0.828465 -0.705835 -0.588692 0.394002 0.708361 -0.582938 0.398005
VERTEX_POSE A212 -0.639569 0.858120 0.282568 -0.283172 0.638671 -0.715480 0.914112 -0.045996 -0.402845 -0.290195 -0.768104 -0.570792
VERTEX_POSE A213 0.620050 0.997911 0.105005 0.251787 0.505217 -0.825445 -0.172408 -0.815864 -0.551943 0.952302 -0.281285 0.118321
VERTEX_POSE A214 0.163817 0.160054 0.555759 0.393988 0.832112 0.390337 -0.380340 -0.239016 0.893427 0.836729 -0.500461 0.222316
VERTEX_POSE A215 0.606754 0.541376 0.755823 -0.840094 0.235415 0.488694 -0.215935 0.681319 -0.699411 0.497609 0.693097 0.521538
VERTEX_POSE A216 0.924497 -0.833426 -0.006574 0.825359 0.564224 0.020830 0.013423 0.017273 -0.999761 0.564448 -0.825441 -0.006683
VERTEX_POSE A217 0.624675 0.166117 -0.685319 -0.701845 -0.593965 0.393216 0.230398 -0.711628 -0.663703 -0.674040 0.375221 -0.636301
VERTEX_POSE A218 -0.761148 -0.565791 -0.925637 -0.527035 -0.694038 0.490454 -0.299035 0.691653 0.657415 -0.795495 0.199818 -0.572067
VERTEX_POSE A219 0.359036 0.663081 -0.403712 -0.910865 -0.407761 -0.063684 0.385013 -0.895141 0.224692 -0.148627 0.180145 0.972346
VERTEX_POSE A220 -0.631122 0.826109 0.545298 -0.556143 -0.338630 0.758970 0.779875 -0.528256 0.335770 0.287229 0.778637 0.557874
VERTEX_POSE A221 0.486416 -0.779402 -0.790559 0.434007 -0.832277 -0.344895 0.900184 0.385264 0.203077 -0.036141 -0.398606 0.916410
VERTEX_POSE A222 0.747242 0.343061 0.436830 0.645348 -0.538154 -0.542140 0.115898 0.770474 -0.626847 0.755045 0.341702 0.559595
VERTEX_POSE A223 0.382147 -0.253447 0.873487 -0.067888 0.893964 0.442967 -0.706182 0.270578 -0.654289 -0.704768 -0.357234 0.612932
VERTEX_POSE A224 0.205262 -0.920280 0.607456 -0.755552 0.582540 -0.299648 -0.534392 -0.812655 -0.232417 0.378902 0.015474 -0.925307
VERTEX_POSE A225 -0.822193 -0.463678 -0.636197 0.967490 0.070576 0.242864 -0.039865 -0.905715 0.422007 0.249749 -0.417969 -0.873457
VERTEX_POSE A226 -0.087904 -0.811834 0.922403 -0.773213 0.566680 0.284633 0.519942 0.309554 0.796139 0.363046 0.763577 -0.533992
VERTEX_POSE A227 0.169452 0.510591 0.207909 0.308288 0.941277 0.137683 0.731769 -0.142170 -0.666559 0.607842 -0.306244 0.732627
VERTEX_POSE A228 0.175740 -0.767685 -0.497263 0.429946 -0.886904 0.168961 -0.448451 -0.047359 0.892552 0.783606 0.459519 0.418095
VERTEX_POSE A229 0.608030 0.697046 0.996970 0.674041 -0.199072 -0.711364 -0.674993 0.225226 -0.702608 -0.300087 -0.953752 -0.017439
VERTEX_POSE A230 0.471165 0.635154 -0.409795 -0.829727 0.131794 0.542386 0.186351 0.981377 0.046610 -0.526143 0.139747 -0.838835
VERTEX_POSE A231 -0.594027 -0.409159 -0.989141 0.709324 -0.640203 -0.294957 -0.214439 0.202626 -0.955489 0.671473 0.741001 0.006443
VERTEX_POSE A232 0.412687 0.492074 -0.488452 -0.871092 -0.473873 -0.129009 0.438301 -0.631600 -0.639511 -0.221565 0.613618 -0.757880
VERTEX_POSE A233 -0.800043 0.907812 0.273548 -0.714375 -0.450748 0.535252 0.495805 0.213737 0.841720 0.493807 -0.866685 -0.070795
VERTEX_POSE A234 0.697545 0.708095 0.250608 0.900582 0.258410 -0.349538 -0.428383 0.391160 -0.814544 0.073761 -0.883299 -0.462970
VERTEX_POSE A235 0.494034 -0.942436 -0.036743 0.323779 -0.367445 -0.871866 -0.025423 0.917794 -0.396243 0.945791 0.150460 0.287821
VERTEX_POSE A236 -0.496032 0.564156 0.197353 -0.084587 0.551021 0.830193 -0.937404 -0.326479 0.121183 0.337815 -0.767976 0.544145
VERTEX_POSE A237 0.064681 -0.805571 -0.892903 0.416106 -0.149842 0.896885 -0.896203 -0.234479 0.376615 0.153868 -0.960503 -0.231857
VERTEX_POSE A238 -0.262292 -0.926294 0.088518 -0.581790 -0.368847 0.724895 -0.753991 0.578796 -0.310633 0.304990 0.727287 0.614845
VERTEX_POSE A239 -0.965553 -0.285700 -0.006360 -0.007565 -0.794623 -0.607056 -0.972658 0.146765 -0.179991 -0.232120 -0.589096 0.774007
VERTEX_POSE A240 -0.042953 -0.891451 0.268331 0.592291 -0.545873 0.592633 -0.777794 -0.195380 0.597380 -0.210305 -0.814769 -0.540299
VERTEX_POSE A241 -0.641679 -0.325597 -0.526247 0.287658 -0.583156 0.759725 0.957317 0.198462 -0.210136 0.028234 -0.787745 -0.615354
VERTEX_POSE A242 -0.304114 0.047340 0.476163 -0.525290 -0.164952 0.834782 -0.677862 -0.511897 -0.527697 -0.514367 0.843061 -0.157080
VERTEX_POSE A243 0.317478 0.966670 -0.449101 0.568845 0.166398 0.805436 -0.658406 -0.494741 0.567215 -0.492866 0.852961 0.171874
VERTEX_POSE A244 0.978371 -0.327686 0.578759 -0.217862 -0.436012 0.873172 0.811106 0.416697 0.410451 0.542810 -0.797657 -0.262869
VERTEX_POSE A245 0.859703 -0.792606 0.031922 -0.422911 0.060584 -0.904144 0.878415 -0.217648 -0.425460 0.222561 0.974145 -0.038828
VERTEX_POSE A246 -0.075768 0.508046 -0.693279 -0.259284 0.802794 -0.536930 -0.449604 -0.592360 -0.668555 0.854768 -0.068061 -0.514529
VERTEX_POSE A247 0.902869 -0.161112 -0.427815 -0.049691 -0.371495 -0.927104 0.765731 -0.610137 0.203443 -0.641239 -0.699803 0.314784
VERTEX_POSE A248 0.484378 0.373511 0.346602 -0.759499 0.190512 -0.621986 0.610767 0.537923 -0.581036 0.223886 -0.821185 -0.524910
VERTEX_POSE A249 0.163084 0.942255 -0.618915 0.899041 -0.056607 -0.434190 -0.315032 0.605067 -0.731197 0.304104 0.794160 0.526147
VERTEX_POSE A250 0.261905 -0.498031 0.168473 -0.938675 -0.150045 0.310444 0.097417 0.748263 0.656211 0.330755 -0.646211 0.687759
VERTEX_POSE A251 0.853255 0.199619 -0.108100 0.860237 0.469589 -0.198691 -0.478175 0.878248 0.005395 0.177034 0.090368 0.980047
VERTEX_POSE A252 -0.350501 -0.837147 -0.409474 -0.037671 0.661984 -0.748571 0.588794 0.619963 0.518621 -0.807405 0.421217 0.413127
VERTEX_POSE A253 0.009147 0.845030 -0.394697 -0.763968 -0.007793 0.645208 -0.545325 0.542316 -0.639150 0.344926 0.840138 0.418562
VERTEX_POSE A254 0.235402 0.946173 -0.234613 0.024009 -0.655236 0.755043 0.800315 0.465204 0.378261 -0.599099 0.595190 0.535564
VERTEX_POSE A255 0.854761 -0.757426 -0.802017 0.638894 -0.570641 0.515929 -0.297584 0.435121 0.849773 0.709407 0.696447 -0.108183
VERTEX_POSE A256 0.186954 -0.618648 -0.030893 0.967681 -0.017101 -0.251595 -0.180094 -0.745234 -0.642022 -0.176518 0.666583 -0.724229
VERTEX_POSE A257 -0.852502 -0.865662 -0.312210 0.966872 0.022155 -0.254299 0.165123 -0.814002 0.556898 0.194662 0.580440 0.790694
VERTEX_POSE A258 0.024213 0.753165 0.405891 -0.541227 0.235645 0.807183 -0.255253 0.868594 -0.424724 0.801198 0.435908 0.409957
VERTEX_POSE A259 -0.637305 -0.386333 0.471844 0.666192 0.291650 -0.686388 0.542746 0.441620 0.714422 0.511484 -0.848477 0.135912
VERTEX_POSE A260 0.755528 0.831384 -0.315240 -0.324743 0.900348 -0.289680 0.403298 0.408858 0.818649 -0.855507 -0.149023 0.495883
VERTEX_POSE A261 -0.504622 0.388319 0.996097 -0.156471 0.514894 -0.842853 0.326088 0.832444 0.447999 0.932300 -0.204745 -0.298154
VERTEX_POSE A262 -0.231333 0.204508 0.482703 -0.013333 -0.564330 0.825441 -0.910373 0.348293 0.223413 0.413574 0.748481 0.518395
VERTEX_POSE A263 0.168215 0.323457 0.196308 -0.025075 0.862921 -0.504716 0.762906 -0.309745 -0.567479 0.646023 0.399281 0.650561
VERTEX_POSE A264 -0.304665 0.296131 0.269644 -0.442225 -0.846359 -0.296837 -0.850182 0.500990 -0.161859 0.285704 0.180788 -0.941111
VERTEX_POSE A265 -0.533787 -0.087397 -0.266689 0.550187 0.789912 -0.270802 0.431743 -0.546678 -0.717455 -0.714768 0.277817 -0.641814
VERTEX_POSE A266 -0.337751 0.381022 -0.840435 0.125489 0.943590 0.306414 0.330006 0.251567 -0.909841 -0.935601 0.215293 -0.279822
VERTEX_POSE A267 0.199303 -0.139713 -0.533002 -0.796855 0.584060 0.154586 0.270809 0.574009 -0.772771 -0.540078 -0.573923 -0.615571
VERTEX_POSE A268 0.530894 0.107032 -0.159592 0.475425 -0.324044 -0.817904 -0.845542 0.088447 -0.526532 -0.242961 -0.941898 0.231943
VERTEX_POSE A269 0.399956 0.454728 0.248083 0.099918 0.842799 0.528872 -0.172894 0.538153 -0.824924 0.979859 0.009014 -0.199486
VERTEX_POSE A270 0.233749 0.574587 0.460638 0.432022 0.879895 0.197844 -0.615362 0.127225 0.777910 -0.659308 0.457820 -0.596418
VERTEX_POSE A271 -0.512059 0.215581 -0.891262 -0.752067 0.629353 -0.195729 -0.656714 -0.690377 0.303491 0.055876 0.356783 0.932515
VERTEX_POSE A272 0.758277 -0.870869 0.721836 -0.484802 -0.797018 0.360180 0.521708 -0.594049 -0.612312 0.701988 -0.108941 0.703807
VERTEX_POSE A273 0.929635 -0.378073 -0.063199 -0.912310 0.385893 -0.137030 -0.394240 -0.737181 0.548761 -0.110747 -0.554663 -0.824672
VERTEX_POSE A274 0.805419 0.182251 -0.340363 -0.185217 0.655348 -0.732266 0.480696 -0.589503 -0.649167 0.857103 0.472235 0.205837
VERTEX_POSE A275 0.736649 -0.198555 0.300595 0.028121 0.409367 -0.911936 0.973701 0.195121 0.117615 0.226086 -0.891261 -0.393114
VERTEX_POSE A276 0.789338 -0.170679 0.968723 -0.695016 -0.695283 -0.183124 0.136095 -0.377308 0.916033 0.705996 -0.611736 -0.356859
VERTEX_POSE A277 -0.270349 -0.309704 -0.033642 -0.645297 -0.391822 -0.655795 -0.697845 -0.046925 0.714710 0.310813 -0.918843 0.243150
VERTEX_POSE A278 0.639518 0.640334 0.872780 0.311538 -0.029073 -0.949789 0.392415 0.914256 0.100730 0.865422 -0.404093 0.296234
VERTEX_POSE A279 0.273715 -0.797168 0.315325 0.761592 -0.616499 0.199767 0.563185 0.782130 0.266636 0.320625 0.090562 -0.942867
VERTEX_POSE A280 0.892734 -0.367449 0.347443 -0.738118 0.670205 0.077499 0.489275 0.452653 0.745463 -0.464533 -0.588158 0.662026
VERTEX_POSE A281 -0.098577 -0.857697 0.041252 -0.785874 -0.443775 -0.430657 0.173390 -0.826616 0.535389 0.593580 -0.346077 -0.726563
VERTEX_POSE A282 0.126971 0.402451 -0.792776 0.142507 -0.509035 -0.848867 -0.716861 0.538279 -0.443132 -0.682497 -0.671669 0.288199
VERTEX_POSE A283 -0.457766 -0.204595 0.937969 -0.676550 -0.155620 0.719766 -0.037938 -0.968752 -0.245114 0.735419 -0.193138 0.649505
VERTEX_POSE A284 0.910570 0.987333 0.646556 0.254674 0.965567 0.053111 -0.696131 0.221177 -0.682995 -0.671225 0.136969 0.728489
VERTEX_POSE A285 -0.637628 0.348623 -0.027388 -0.803281 0.149843 0.576443 -0.430625 0.522503 -0.735903 0.411463 0.839368 0.355190
VERTEX_POSE A286 -0.603005 0.037979 -0.864048 -0.096544 0.490718 -0.865953 -0.878108 -0.451614 -0.158021 -0.468621 0.745145 0.474504
VERTEX_POSE A287 0.097524 -0.631315 -0.384338 0.470047 -0.834313 0.288059 0.482790 0.516241 0.707397 0.738898 0.193438 -0.645455
VERTEX_POSE A288 -0.490129 0.482961 0.660401 0.229393 0.409861 -0.882832 0.709531 -0.691311 -0.136583 0.666291 0.595066 0.449392
VERTEX_POSE A289 0.421208 -0.208856 0.541843 0.535302 0.293401 -0.792065 -0.686141 0.697933 -0.205184 -0.492607 -0.653304 -0.574920
VERTEX_POSE A290 0.460219 -0.017648 -0.912494 -0.234415 -0.676701 -0.697944 0.894485 -0.431312 0.117759 0.380719 0.596696 -0.706404
VERTEX_POSE A291 -0.734602 0.314345 -0.654839 -0.590409 -0.436136 -0.679119 -0.698030 0.698335 0.158374 -0.405180 -0.567551 0.716739
VERTEX_POSE A292 0.916586 -0.820538 0.537940 -0.927280 -0.023043 0.373660 -0.197940 0.877358 -0.437106 -0.317761 -0.479282 -0.818118
VERTEX_POSE A293 -0.771114 -0.813140 0.570209 -0.166635 0.613179 -0.772168 0.036117 -0.778796 -0.626236 -0.985357 -0.132241 0.107629
VERTEX_POSE A294 0.433613 -0.362197 0.541469 -0.039421 -0.879070 0.475060 -0.156521 0.474993 0.865958 -0.986888 -0.040220 -0.156318
VERTEX_POSE A295 -0.388079 0.475593 -0.192416 0.846886 -0.530754 0.032912 0.531693 0.846211 -0.035058 0.009243 -0.047189 -0.998843
VERTEX_POSE A296 -0.304901 0.099462 -0.696480 0.946350 -0.029648 0.321781 -0.148263 -0.924622 0.350844 0.287124 -0.379730 -0.879412
VERTEX_POSE A297 -0.904138 -0.981176 0.701034 -0.795624 -0.125448 -0.592660 0.092795 -0.992016 0.085405 -0.598642 0.012954 0.800912
VERTEX_POSE A298 0.811223 -0.664119 0.274582 0.749303 0.516780 -0.414107 0.134881 0.493119 0.859442 0.648346 -0.699837 0.299792
VERTEX_POSE A299 -0.774007 -0.793506 0.143927 -0.681270 -0.286947 0.673449 0.218902 -0.957732 -0.186632 0.698537 0.020273 0.715287
VERTEX_POSE A300 0.495818 0.473553 -0.050884 -0.731371 -0.482777 0.481687 0.073234 0.646626 0.759284 -0.678036 0.590594 -0.437568
VERTEX_POSE A301 0.044973 0.910468 -0.264780 -0.421908 -0.031758 -0.906082 0.836865 -0.398107 -0.375724 -0.348785 -0.916789 0.194542
VERTEX_POSE A302 -0.286066 0.422075 0.252666 -0.335899 0.941818 0.012312 -0.873420 -0.306559 -0.378363 -0.352574 -0.137845 0.925575
VERTEX_POSE A303 0.254096 0.602684 -0.329048 -0.999600 0.006422 0.027551 -0.001836 0.957109 -0.289722 0.028230 0.289656 0.956714
VERTEX_POSE A304 -0.025392 -0.467605 0.672021 0.084173 0.786543 0.611773 0.811268 0.302394 -0.500402 -0.578584 0.538432 -0.612644
VERTEX_POSE A305 -0.480647 -0.395674 0.912303 -0.241604 0.881683 -0.405293 0.797568 0.418334 0.434605 -0.552732 0.218247 0.804274
