VERTEX_POSE A0 0.729844 -0.302838 -0.155803 -0.655073 0.459149 0.600052 -0.360857 -0.887868 0.285436 -0.663824 0.029552 -0.747305
VERTEX_POSE A1 0.308684 0.785707 0.475951 0.610254 0.173159 0.773050 0.183940 0.918180 -0.350872 0.770556 -0.356315 -0.528472
VERTEX_POSE A2 0.172195 -0.391972 0.171907 -0.651823 -0.716093 0.249675 -0.345860 -0.012298 -0.938206 0.674913 -0.697896 -0.239652
VERTEX_POSE A3 0.230243 0.088369 -0.301073 0.824900 0.057611 -0.562336 0.427381 -0.714664 0.553716 0.369981 0.697091 0.614148
VERTEX_POSE A4 0.207021 -0.282518 0.152388 -0.650394 0.592630 0.475161 0.381698 -0.285846 0.878976 0.656730 0.753048 -0.040293
VERTEX_POSE A5 -0.651320 0.910698 0.218906 0.908156 -0.403001 -0.113322 0.266259 0.347155 0.899216 -0.323045 -0.846802 0.422574
VERTEX_POSE A6 -0.683300 -0.519783 -0.082490 0.351983 0.493697 -0.795218 0.930402 -0.091706 0.354884 0.102279 -0.864785 -0.491615
VERTEX_POSE A7 -0.870282 0.206556 0.997994 -0.177219 0.952605 -0.247260 -0.569553 -0.304161 -0.763607 0.802622 -0.005502 -0.596462
VERTEX_POSE A8 0.690400 -0.956486 0.139799 -0.289202 0.865180 0.409666 -0.173181 0.373605 -0.911278 -0.941472 -0.334490 0.041785
VERTEX_POSE A9 -0.168613 -0.623750 0.334174 0.446010 -0.150728 -0.882245 0.465857 0.880765 0.085035 0.764233 -0.448926 0.463048
VERTEX_POSE A10 -0.018593 -0.450883 0.884961 0.231481 0.748584 0.621320 0.835204 -0.480414 0.267650 0.498849 0.456974 -0.736427
VERTEX_POSE A11 -0.125494 -0.270178 -0.265173 -0.199459 0.130567 0.971168 0.276669 0.958263 -0.072009 0.940037 -0.254330 0.227259
VERTEX_POSE A12 -0.468544 -0.446171 -0.926661 0.017527 0.254835 -0.966826 -0.755817 0.636406 0.154041 -0.654548 -0.728043 -0.203763
VERTEX_POSE A13 0.248985 0.444809 -0.562755 -0.477099 0.874504 -0.087290 -0.782598 -0.467941 -0.410574 0.399895 0.127572 -0.907639
VERTEX_POSE A14 0.881607 -0.347165 -0.680613 0.497985 0.836193 -0.229766 0.713908 -0.545724 -0.438772 -0.492287 0.054470 -0.868727
VERTEX_POSE A15 -0.865314 -0.250440 -0.556037 -0.403062 0.302453 0.863749 0.816714 0.544738 0.190366 -0.412940 0.782166 -0.466581
VERTEX_POSE A16 -0.982605 -0.677389 0.252817 0.643980 -0.633933 0.428274 0.496273 -0.079890 -0.864483 -0.582239 -0.769251 -0.263156
VERTEX_POSE A17 -0.436448 0.434217 -0.060381 0.824907 0.511118 -0.241427 -0.446884 0.328126 -0.832243 -0.346156 0.794413 0.499084
VERTEX_POSE A18 -0.530041 0.604098 -0.982032 -0.534662 -0.591315 0.603724 0.836121 -0.266490 0.479462 0.122627 -0.761137 -0.636893
VERTEX_POSE A19 -0.840673 -0.275366 0.982791 0.709840 0.535731 0.457296 0.617935 -0.162050 -0.769348 -0.338058 0.828693 -0.446076
VERTEX_POSE A20 -0.038528 -0.361272 -0.823762 -0.273573 -0.947202 0.167231 -0.734290 0.093368 -0.672384 0.621270 -0.306742 -0.721064
VERTEX_POSE A21 -0.979981 -0.423271 -0.824752 -0.678890 -0.460368 -0.571987 0.338574 0.494970 -0.800233 0.651518 -0.736930 -0.180162
VERTEX_POSE A22 -0.621548 -0.424927 0.380547 0.890426 -0.416186 -0.184203 0.192111 -0.023213 0.981099 -0.412595 -0.908983 0.059284
VERTEX_POSE A23 0.773730 -0.439456 0.557261 0.728727 0.538758 0.422725 -0.577910 0.814995 -0.042454 0.367391 0.213359 -0.905263
VERTEX_POSE A24 0.112353 -0.107589 -0.375062 -0.516244 0.605058 0.606133 0.628943 0.748211 -0.211212 0.581311 -0.272186 0.766806
VERTEX_POSE A25 -0.277003 0.796011 -0.713778 -0.215035 0.887178 -0.408258 0.670719 -0.169695 -0.722038 0.709856 0.429090 0.558557
VERTEX_POSE A26 -0.529780 -0.664026 0.788865 0.170730 0.756744 -0.631023 0.401875 0.531256 0.745831 -0.899638 0.380928 0.213415
VERTEX_POSE A27 -0.082839 0.344079 0.805948 0.290331 0.050323 -0.955602 0.814530 -0.537120 0.219185 0.502243 0.842003 0.196933
VERTEX_POSE A28 0.431719 -0.991904 -0.805317 -0.693966 0.488568 -0.528879 0.438870 0.869346 0.227224 -0.570793 0.074423 0.817714
VERTEX_POSE A29 -0.886719 -0.976337 0.730292 0.855269 -0.371308 0.361449 0.419686 0.087222 -0.903469 0.303939 0.924404 0.230430
VERTEX_POSE A30 0.483930 0.543889 0.016124 -0.382308 0.146815 -0.912297 0.723187 0.662107 -0.196507 -0.575188 0.734887 0.359304
VERTEX_POSE A31 0.161564 -0.294742 0.038880 -0.946567 -0.263982 -0.185265 -0.312905 0.612611 0.725809 -0.078105 0.744998 -0.662479
VERTEX_POSE A32 0.421965 0.809370 0.206243 -0.193878 -0.029537 0.980581 -0.505710 0.859515 -0.074098 0.840636 0.510256 0.181578
VERTEX_POSE A33 -0.343875 -0.848083 -0.811969 -0.623884 -0.271618 0.732797 0.154990 -0.962038 -0.224635 -0.765994 0.026570 -0.642299
VERTEX_POSE A34 -0.608194 0.793626 0.737807 -0.788640 0.283351 -0.545674 0.344337 -0.531720 -0.773761 -0.509391 -0.798114 0.321767
VERTEX_POSE A35 -0.371014 -0.473148 -0.641369 0.715452 -0.202989 -0.668524 -0.670393 0.069978 -0.738699 -0.196730 -0.976677 0.086017
VERTEX_POSE A36 0.004805 -0.937385 0.406938 -0.060118 0.744902 -0.664460 0.431436 0.619666 0.655650 0.900138 -0.247256 -0.358630
VERTEX_POSE A37 -0.291493 -0.726156 -0.344683 -0.439324 0.797560 -0.413392 0.809232 0.551165 0.203372 -0.390049 0.245184 0.887551
VERTEX_POSE A38 -0.241297 0.733408 -0.643375 -0.434137 0.832560 0.344048 -0.059173 -0.407446 0.911310 0.898901 0.375275 0.226152
VERTEX_POSE A39 -0.304795 -0.893871 -0.453264 -0.597559 0.705704 -0.380663 -0.801770 -0.531442 0.273375 0.009378 -0.468562 -0.883381
VERTEX_POSE A40 0.539894 -0.349906 0.989491 0.908188 -0.402685 -0.114191 -0.395179 -0.914834 0.083140 0.137946 0.030381 0.989974
VERTEX_POSE A41 0.740110 -0.717475 -0.758414 -0.921301 -0.245303 -0.301712 0.297007 0.056880 -0.953180 0.250979 -0.967776 0.020454
VERTEX_POSE A42 0.569711 -0.164048 0.281563 -0.411180 0.843599 -0.345357 -0.117367 -0.424707 -0.897691 0.903967 0.328579 -0.273642
VERTEX_POSE A43 -0.928650 0.203923 -0.937169 -0.264402 -0.614451 0.743332 0.926791 -0.375063 0.019624 -0.266738 -0.694102 -0.668635
VERTEX_POSE A44 -0.010905 0.727334 -0.321169 -0.968866 -0.042788 0.243859 0.141939 -0.903013 0.405488 -0.202858 -0.427477 -0.880972
VERTEX_POSE A45 0.451318 0.488786 0.600950 0.201940 0.870194 -0.449424 0.478631 0.312665 0.820459 -0.854478 0.380792 0.353363
VERTEX_POSE A46 -0.793965 0.953483 -0.493206 0.741257 -0.535047 -0.405293 0.653489 0.713138 0.253744 0.153265 -0.452944 0.878266
VERTEX_POSE A47 0.006490 -0.950055 0.931647 0.696854 -0.199156 0.689007 0.583583 0.715899 -0.383301 -0.416923 0.669198 0.615101
VERTEX_POSE A48 -0.985131 -0.076996 -0.459431 -0.609966 0.342077 0.714790 0.024171 -0.893574 0.448264 -0.792059 -0.290703 -0.536782
VERTEX_POSE A49 -0.324005 0.557581 -0.475239 -0.660312 -0.090344 0.745538 -0.579951 -0.569365 -0.582649 0.477122 -0.817105 0.323563
VERTEX_POSE A50 0.165817 -0.225421 0.914439 -0.452712 0.021142 -0.891406 0.563230 -0.768242 -0.304264 0.691248 0.639811 -0.335885
VERTEX_POSE A51 -0.023659 0.561732 -0.283192 0.210934 0.162583 0.963885 -0.722616 0.689988 0.041751 0.658281 0.705325 -0.263027
VERTEX_POSE A52 -0.303986 -0.865691 -0.299991 0.425505 -0.884260 0.192432 -0.867483 -0.338000 0.365007 0.257719 0.322244 0.910901
VERTEX_POSE A53 0.544269 0.349652 0.294986 0.825538 0.401367 0.396726 -0.556217 0.697556 0.451706 0.095439 0.593566 -0.799106
VERTEX_POSE A54 -0.249929 -0.877725 -0.725931 0.376442 -0.353692 -0.856267 0.383548 -0.781829 0.491564 -0.843316 -0.513465 -0.158656
VERTEX_POSE A55 0.808367 0.026720 0.324947 0.687237 0.307334 -0.658218 -0.638548 0.687592 -0.345650 -0.346356 -0.657847 -0.668786
VERTEX_POSE A56 -0.732734 0.145663 0.581208 0.846115 0.528741 -0.067247 0.091379 -0.019602 0.995623 -0.525109 0.848557 0.064902
VERTEX_POSE A57 0.220290 -0.541751 -0.937067 0.587610 -0.366724 0.721269 -0.598271 0.403247 0.692433 -0.544781 -0.838394 0.017551
VERTEX_POSE A58 -0.274473 -0.629201 0.130895 0.872053 -0.283067 0.399246 -0.066477 0.739695 0.669650 0.484876 0.610511 -0.626236
VERTEX_POSE A59 0.698986 0.153759 0.775891 0.869628 0.426105 0.249364 0.444679 -0.456577 -0.770583 -0.214496 0.781007 -0.586532
VERTEX_POSE A60 0.333571 -0.518088 0.793225 0.669017 -0.392806 0.630968 0.351195 0.915254 0.197413 0.655041 -0.089521 -0.750272
VERTEX_POSE A61 -0.790542 0.914688 -0.852981 0.958132 -0.033370 0.284374 0.134233 -0.824928 -0.549067 -0.252910 -0.564251 0.785911
VERTEX_POSE A62 -0.139451 0.859017 -0.185229 0.781634 0.605166 -0.151072 0.155368 -0.423471 -0.892487 -0.604077 0.674126 -0.425023
VERTEX_POSE A63 -0.244464 -0.708717 -0.000531 -0.679712 0.573360 0.457438 0.330353 -0.317512 0.888849 -0.654873 -0.755278 -0.026405
VERTEX_POSE A64 -0.134417 -0.933395 -0.664949 -0.518971 0.299784 0.800499 -0.854276 -0.149374 -0.497895 -0.029687 -0.942240 0.333619
VERTEX_POSE A65 0.252356 0.652643 -0.447422 0.372998 -0.910294 0.179546 0.461881 0.350002 0.814963 0.804697 0.221051 -0.550998
VERTEX_POSE A66 0.384522 -0.181865 0.358100 0.635407 0.287852 -0.716518 0.270220 0.786357 0.555539 -0.723352 0.546611 -0.421874
VERTEX_POSE A67 0.870388 -0.870779 0.741988 -0.708944 0.457453 -0.536782 0.217131 -0.582568 -0.783243 0.671009 0.671827 -0.313680
VERTEX_POSE A68 0.960862 0.926487 0.207895 -0.848849 0.196839 -0.490622 0.287257 -0.607362 -0.740672 0.443778 0.769653 -0.459015
VERTEX_POSE A69 -0.856775 -0.448457 0.714724 -0.028156 0.221668 0.974716 0.361587 0.911329 -0.196808 0.931913 -0.346904 0.105811
VERTEX_POSE A70 -0.434407 -0.764650 -0.711276 0.527457 -0.699838 -0.481681 -0.054635 0.537848 -0.841270 -0.847823 -0.470050 -0.245455
VERTEX_POSE A71 0.500756 -0.423419 0.197386 -0.666350 -0.594548 -0.449989 0.740562 -0.457405 -0.492289 0.086862 -0.661282 0.745091
VERTEX_POSE A72 0.883335 -0.165932 0.956310 -0.202900 0.250042 -0.946737 0.687174 -0.652425 -0.319583 -0.697584 -0.715416 -0.039446
VERTEX_POSE A73 -0.864696 0.071302 0.570287 -0.410545 0.080419 0.908287 -0.614880 0.711138 -0.340889 0.673331 0.698438 0.242506
VERTEX_POSE A74 0.572106 0.780504 0.260217 -0.778366 -0.181129 -0.601115 -0.032353 0.967778 -0.249719 -0.626977 0.174925 0.759145
VERTEX_POSE A75 -0.127570 -0.438598 -0.364859 -0.774167 0.149691 -0.615027 -0.473080 0.508718 0.719306 0.420549 0.847820 -0.323016
VERTEX_POSE A76 0.586622 -0.439912 0.171238 0.291309 -0.866187 -0.406029 -0.007581 -0.426514 0.904449 0.956599 0.260396 0.130814
VERTEX_POSE A77 0.778141 0.733986 0.767010 -0.562254 -0.818051 0.121090 0.681652 -0.375557 0.627939 0.468210 -0.435603 -0.768785
VERTEX_POSE A78 0.878920 -0.388653 -0.433212 -0.232027 -0.884046 -0.405742 -0.842486 0.391138 -0.370444 -0.486190 -0.255879 0.835551
VERTEX_POSE A79 0.601491 0.483092 0.711807 0.382875 0.617044 -0.687505 -0.853760 -0.047904 -0.518458 0.352845 -0.785469 -0.508467
VERTEX_POSE A80 -0.545864 0.291567 -0.708228 0.182489 -0.398240 -0.898945 0.210699 0.908898 -0.359876 -0.960366 0.123734 -0.249773
VERTEX_POSE A81 0.044737 0.385925 -0.518773 0.181259 -0.140619 -0.973330 0.836357 0.542701 0.077346 -0.517351 0.828071 -0.215977
VERTEX_POSE A82 -0.422168 0.044824 -0.571385 0.732781 0.401509 0.549384 -0.672320 0.302658 0.675562 0.104968 -0.864401 0.491724
VERTEX_POSE A83 0.150150 0.425876 -0.008219 -0.607713 0.683411 -0.404517 0.791754 0.481793 -0.375500 -0.061727 -0.548474 -0.833886
VERTEX_POSE A84 -0.410994 -0.264423 0.776213 -0.169257 -0.985170 -0.028141 -0.911242 0.167307 -0.376360 0.375487 -0.038058 -0.926046
VERTEX_POSE A85 0.327903 0.167100 -0.297317 -0.820378 -0.372134 0.434163 -0.563737 0.653571 -0.505021 0.095821 0.659061 0.745960
VERTEX_POSE A86 -0.041483 -0.547404 -0.683272 -0.264040 0.570840 0.777447 -0.591359 -0.732587 0.337062 -0.761956 0.370752 -0.531004
VERTEX_POSE A87 -0.143728 0.881240 0.357421 0.447577 0.816425 -0.364863 0.834665 -0.234963 0.498124 -0.320952 0.527487 0.786605
VERTEX_POSE A88 -0.451807 0.625349 -0.234383 -0.882268 -0.305843 0.357860 0.470663 -0.587541 0.658234 -0.008941 -0.749170 -0.662317
VERTEX_POSE A89 0.684044 -0.176605 0.447623 0.534849 -0.755595 -0.378170 -0.669835 -0.106354 -0.734853 -0.515032 -0.646347 0.563008
VERTEX_POSE A90 -0.444742 0.034999 0.133312 0.902356 0.429480 0.036064 -0.391740 0.852189 -0.346863 -0.179704 0.298866 0.937222
VERTEX_POSE A91 0.881765 -0.892739 -0.441158 0.711274 0.699330 0.070892 -0.600329 0.551909 0.578794 0.365643 -0.454240 0.812386
VERTEX_POSE A92 0.893502 -0.261917 0.594643 -0.818141 0.552161 0.160510 -0.490678 -0.815928 0.305773 -0.299800 -0.171406 -0.938477
VERTEX_POSE A93 0.415807 -0.105984 0.948083 -0.760559 -0.150403 -0.631608 -0.282977 0.952331 0.113975 0.584357 0.265415 -0.766865
VERTEX_POSE A94 -0.362699 -0.601456 0.558311 -0.867838 -0.413898 0.274857 0.249098 -0.841109 -0.480090 -0.429893 0.348174 -0.833047
VERTEX_POSE A95 -0.240915 -0.195311 0.929693 0.713466 0.559500 -0.421813 -0.654335 0.316689 -0.686698 0.250624 -0.765943 -0.592047
VERTEX_POSE A96 -0.331837 -0.453341 -0.499340 -0.409717 0.895450 -0.174071 -0.232815 -0.287150 -0.929162 -0.882003 -0.340167 0.326124
VERTEX_POSE A97 -0.978178 0.216678 -0.083590 -0.195343 -0.661880 -0.723710 -0.579460 0.673242 -0.459316 -0.791244 -0.329636 0.515046
VERTEX_POSE A98 -0.370527 -0.066091 0.671681 -0.209367 0.191993 0.958804 -0.825969 -0.559561 -0.068313 -0.523394 0.806245 -0.275733
VERTEX_POSE A99 -0.370975 -0.526854 0.708555 0.571177 -0.780920 -0.252827 0.678807 0.276210 0.680389 -0.461495 -0.560243 0.687859
VERTEX_POSE A100 -0.834953 0.768221 -0.368865 -0.523418 -0.310096 -0.793646 -0.848163 0.278779 0.450447 0.081570 0.908913 -0.408930
VERTEX_POSE A101 0.195066 0.169259 0.960406 0.015028 -0.659380 0.751660 -0.786222 0.456659 0.416314 0.617761 0.597228 0.511557
VERTEX_POSE A102 -0.870219 0.049726 -0.094059 0.574660 -0.306692 0.758753 -0.818323 -0.227416 0.527854 -0.010664 0.924241 0.381660
VERTEX_POSE A103 -0.951618 -0.397711 -0.412556 -0.877027 -0.418302 0.236321 0.480165 -0.746463 0.460689 -0.016302 0.517509 0.855522
VERTEX_POSE A104 0.330370 -0.759439 0.530693 0.351978 0.153806 -0.923285 0.593870 0.725744 0.347296 0.723485 -0.670551 0.164106
VERTEX_POSE A105 0.701887 -0.169770 -0.833843 -0.276026 -0.827014 0.489753 -0.568160 -0.270597 -0.777156 -0.775244 0.492773 0.395184
VERTEX_POSE A106 -0.079188 0.163691 0.222585 0.719872 0.650825 0.241271 -0.585219 0.756005 -0.293215 -0.373233 0.069881 0.925102
VERTEX_POSE A107 -0.083008 -0.199350 -0.298069 -0.597528 0.594137 0.538481 -0.231325 0.515270 -0.825218 0.767756 0.617655 0.170449
VERTEX_POSE A108 0.480028 -0.435784 0.933168 -0.852125 0.032628 -0.522321 0.449220 0.557628 -0.698034 0.268486 -0.829449 -0.489826
VERTEX_POSE A109 -0.200269 0.775038 0.789373 -0.049502 -0.678104 0.733297 -0.303098 0.709772 0.635889 0.951673 0.190783 0.240667
VERTEX_POSE A110 -0.481517 -0.716258 -0.586262 0.170749 -0.164504 -0.971485 -0.860209 -0.505710 -0.065558 0.480505 -0.846874 0.227858
VERTEX_POSE A111 0.934164 0.855782 -0.775060 -0.348270 -0.319068 -0.881422 0.763032 -0.642684 -0.068845 0.544510 0.696529 -0.467286
VERTEX_POSE A112 0.844468 0.160964 -0.729401 -0.152702 0.795291 -0.586680 -0.520196 -0.569430 -0.636510 0.840285 -0.207993 -0.500660
VERTEX_POSE A113 0.096315 0.328566 -0.157648 0.992209 0.115515 -0.046660 -0.065848 0.804198 0.590703 -0.105759 0.583028 -0.805539
VERTEX_POSE A114 0.084314 0.281658 0.216720 0.003399 0.480384 -0.877052 0.659905 0.657895 0.362904 -0.751341 0.580004 0.314772
VERTEX_POSE A115 -0.566525 0.896541 -0.953188 0.587518 -0.798108 -0.133592 0.638203 0.355503 0.682873 0.497514 0.486458 -0.718219
VERTEX_POSE A116 -0.575782 -0.504334 0.545036 -0.798742 0.231491 0.555358 0.187062 -0.781735 0.594893 0.571855 0.579053 0.581102
VERTEX_POSE A117 -0.957169 0.734254 0.533448 -0.097057 -0.733363 0.672873 -0.968327 -0.086687 -0.234154 -0.230049 0.674287 0.701722
VERTEX_POSE A118 0.289747 0.777781 0.404233 0.114497 -0.218608 -0.969072 -0.751226 -0.657355 0.059531 0.650038 -0.721176 0.239490
VERTEX_POSE A119 -0.027588 -0.878985 -0.689347 0.887168 -0.460769 -0.025002 0.334416 0.679331 -0.653203 0.317961 0.571140 0.756770
VERTEX_POSE A120 0.726874 -0.442351 -0.018928 0.905197 0.033484 -0.423671 0.013737 0.994065 0.107913 -0.424770 0.103502 -0.899365
VERTEX_POSE A121 0.845005 -0.187220 -0.462456 0.274630 0.961029 -0.031652 -0.177387 0.082989 0.980636 0.945046 -0.263697 0.193266
VERTEX_POSE A122 -0.145824 -0.771724 -0.130506 0.734956 -0.340463 0.586451 0.035654 -0.844228 -0.534798 -0.677176 -0.413962 0.608332
VERTEX_POSE A123 0.620376 0.295732 -0.424286 -0.436417 -0.663393 0.607824 -0.794288 -0.033287 -0.606629 -0.422666 0.747530 0.512399
VERTEX_POSE A124 0.260812 0.706795 -0.514373 0.683778 0.230819 0.692221 0.728071 -0.152654 -0.668289 0.048583 -0.960947 0.272434
VERTEX_POSE A125 0.491477 -0.373181 -0.572195 0.491463 0.618303 -0.613324 0.215264 0.596147 0.773480 -0.843875 0.512163 -0.159886
VERTEX_POSE A126 -0.620539 -0.899579 -0.494592 -0.240382 -0.890586 0.386099 -0.447266 0.454644 0.770229 -0.861493 0.012460 -0.507617
VERTEX_POSE A127 0.928975 -0.746546 -0.013713 0.486629 0.370337 0.791229 0.734521 -0.663760 -0.141077 0.472940 0.649826 -0.595024
VERTEX_POSE A128 0.513299 0.843497 0.344215 -0.267819 -0.805630 -0.528425 -0.949449 0.127460 0.286881 -0.163767 0.578545 -0.799041
VERTEX_POSE A129 0.008934 0.034330 -0.822911 0.183306 0.671145 -0.718306 0.756916 -0.562601 -0.332504 -0.627278 -0.482747 -0.611128
VERTEX_POSE A130 -0.442000 -0.273401 -0.305158 0.769957 0.098188 0.630496 -0.010642 0.989929 -0.141168 -0.638007 0.101983 0.763248
VERTEX_POSE A131 0.678346 0.611719 0.975350 -0.794159 -0.548523 -0.261598 -0.183467 -0.193974 0.963698 -0.579353 0.813325 0.053411
VERTEX_POSE A132 -0.796000 -0.796410 -0.862505 -0.587610 -0.631272 0.506173 -0.599912 -0.079893 -0.796067 0.542974 -0.771436 -0.331761
VERTEX_POSE A133 -0.312219 0.776326 0.600783 0.912723 0.398732 -0.089160 -0.402085 0.915321 -0.022706 0.072556 0.056574 0.995758
VERTEX_POSE A134 0.726728 -0.785992 -0.437206 0.847576 -0.530345 0.018703 0.525241 0.843406 0.113085 0.075749 0.086024 -0.993409
VERTEX_POSE A135 0.534371 -0.555849 0.668188 -0.288688 -0.709653 -0.642691 0.649268 -0.638447 0.413324 -0.703640 -0.297957 0.645067
VERTEX_POSE A136 -0.610332 -0.393445 0.766940 0.564095 -0.808058 -0.169821 0.603493 0.263102 0.752711 0.563554 0.527086 -0.636072
VERTEX_POSE A137 -0.352460 0.377699 0.785379 -0.144508 -0.770467 0.620885 0.389132 -0.621164 -0.680244 0.909777 0.143305 0.389577
VERTEX_POSE A138 -0.548637 0.244801 -0.629882 -0.450084 0.575938 -0.682437 0.625509 -0.342074 -0.701230 -0.637309 -0.742483 -0.206293
VERTEX_POSE A139 0.869696 0.170771 0.700108 0.477764 0.026636 0.878084 0.521847 -0.812679 -0.259285 -0.706694 -0.582103 0.402169
VERTEX_POSE A140 0.447271 0.152738 0.574752 -0.886988 -0.022598 0.461239 -0.206994 -0.873387 -0.440850 0.412803 -0.486503 0.770006
VERTEX_POSE A141 -0.030154 0.528544 -0.216144 0.754270 0.058974 -0.653910 0.214488 -0.963446 0.160517 0.620541 0.261329 0.739348
VERTEX_POSE A142 0.803860 0.026553 0.925047 -0.302839 0.947791 -0.099902 -0.590287 -0.268834 -0.761111 -0.748231 -0.171523 0.640882
VERTEX_POSE A143 0.291740 -0.686299 0.845352 -0.679521 0.215495 -0.701294 -0.468824 0.607712 0.641007 -0.564319 -0.764361 0.311923
VERTEX_POSE A144 -0.933839 -0.142890 0.626208 0.453282 0.405648 -0.793716 0.870010 -0.395094 0.294931 0.193954 0.824227 0.532007
VERTEX_POSE A145 -0.111826 -0.691788 0.141767 -0.868213 0.477399 -0.135265 0.492988 0.799009 -0.344306 -0.056294 -0.365615 -0.929062
VERTEX_POSE A146 0.725214 -0.789758 0.892164 -0.431778 0.809576 -0.397685 0.886845 0.300612 -0.350911 0.164540 0.504201 0.847767
VERTEX_POSE A147 -0.509621 0.352776 0.171244 0.173693 -0.765841 0.619127 0.694403 0.541035 0.474432 -0.698309 0.347518 0.625776
VERTEX_POSE A148 -0.068996 -0.957534 -0.324784 0.467946 0.748464 -0.469923 -0.813593 0.157209 -0.559778 -0.345098 0.644272 0.682511
VERTEX_POSE A149 0.014961 0.988023 0.296396 0.256964 -0.637111 0.726677 -0.935806 0.023726 0.351717 0.241324 0.770407 0.590115
VERTEX_POSE A150 0.462790 0.473791 0.481897 0.040012 -0.548680 -0.835074 0.817786 -0.462228 0.342888 0.574131 0.696631 -0.430208
VERTEX_POSE A151 -0.342121 -0.399885 0.656288 -0.753828 -0.163555 0.636391 0.357401 0.710657 0.605996 0.551369 -0.684264 0.477258
VERTEX_POSE A152 -0.140034 -0.199198 0.833941 -0.503615 -0.308966 0.806791 -0.091442 -0.909555 -0.405399 -0.859075 0.277940 -0.429813
VERTEX_POSE A153 -0.683034 0.702066 -0.648609 0.885485 0.445430 -0.132318 -0.162947 0.030985 -0.986148 -0.435161 0.894780 0.100019
VERTEX_POSE A154 -0.721745 0.895847 -0.767998 0.181183 -0.465937 0.866069 -0.718979 -0.663613 -0.206606 0.671000 -0.585252 -0.455235
VERTEX_POSE A155 -0.879222 -0.492403 -0.680432 -0.853871 -0.275424 0.441640 -0.517096 0.545571 -0.659518 0.059299 0.791514 0.608268
VERTEX_POSE A156 0.808443 -0.671115 -0.220804 -0.048623 0.370949 -0.927379 -0.997634 0.027140 0.063162 -0.048599 -0.928257 -0.368752
VERTEX_POSE A157 -0.342284 0.996268 -0.262590 -0.537622 -0.822987 0.183455 -0.841266 0.508870 -0.182546 -0.056878 0.252475 0.965930
VERTEX_POSE A158 -0.950247 -0.238949 0.305855 0.553707 0.570581 -0.606503 0.648469 0.161465 0.743920 -0.522396 0.805212 0.280600
VERTEX_POSE A159 0.321742 -0.827617 -0.876588 -0.928592 -0.057854 0.366565 -0.358666 0.393479 -0.846482 0.095264 0.917511 0.386132
VERTEX_POSE A160 0.666649 0.030598 -0.085501 -0.600002 -0.797830 0.058861 0.774514 -0.560891 0.292454 0.200314 -0.221062 -0.954466
VERTEX_POSE A161 -0.392247 0.487650 -0.999303 -0.262339 -0.284464 0.922095 0.043063 0.951159 0.305682 0.964014 -0.119900 0.237276
VERTEX_POSE A162 0.000088 0.784102 -0.901238 -0.152337 0.668501 -0.727942 0.918254 0.368131 0.145907 0.365517 -0.646209 -0.669934
VERTEX_POSE A163 0.870649 0.234188 0.051993 -0.573567 -0.695680 0.432493 -0.558755 0.718341 0.414463 -0.599011 -0.003935 -0.800731
VERTEX_POSE A164 0.295534 0.263976 0.601480 0.043946 -0.591745 0.804926 -0.569768 -0.676670 -0.466350 0.820630 -0.438127 -0.366894
VERTEX_POSE A165 -0.273184 0.998110 -0.338444 0.308486 -0.899741 -0.308712 0.601282 -0.067036 0.796220 0.737086 0.431245 -0.520318
VERTEX_POSE A166 0.405020 0.678339 -0.279819 -0.342800 0.260229 0.902646 0.813076 -0.399084 0.423838 -0.470527 -0.879211 0.074780
VERTEX_POSE A167 0.685201 0.870531 0.368420 0.842015 0.226648 -0.489532 -0.498589 0.673430 -0.545804 0.205960 0.703650 0.680042
VERTEX_POSE A168 0.374356 0.375809 -0.553065 0.024176 -0.361853 0.931922 0.965449 0.250397 0.072180 -0.259469 0.897978 0.355404
VERTEX_POSE A169 0.856382 -0.076860 0.090300 -0.155113 0.634736 -0.757001 -0.075288 -0.771642 -0.631586 -0.985024 -0.040974 0.167480
VERTEX_POSE A170 0.554897 0.041302 0.068528 0.256122 -0.419972 -0.870646 0.756209 0.648089 -0.090161 0.602121 -0.635298 0.483576
VERTEX_POSE A171 -0.178373 -0.471454 -0.978312 0.528318 -0.028642 -0.848563 -0.273194 0.940546 -0.201838 -0.803893 -0.338457 -0.489083
VERTEX_POSE A172 -0.173772 -0.548316 0.874156 0.258379 -0.440076 -0.859985 0.928583 0.358636 0.095466 0.266409 -0.823234 0.501311
VERTEX_POSE A173 0.358757 -0.932144 -0.006425 0.808856 -0.516546 0.280949 0.393815 0.830700 0.393506 0.436648 0.207648 -0.875341
VERTEX_POSE A174 -0.886633 -0.157753 0.867039 -0.591901 0.510097 -0.624063 -0.675277 -0.736563 0.038423 0.440062 -0.444158 -0.780429
VERTEX_POSE A175 -0.107611 0.308794 0.500364 -0.873412 -0.091818 -0.478249 0.284503 0.700834 -0.654133 -0.395234 0.707390 0.585994
VERTEX_POSE A176 -0.753070 -0.623933 -0.864658 0.510985 0.657357 -0.553874 0.785428 -0.095232 0.611583 0.349282 -0.747538 -0.564968
VERTEX_POSE A177 0.838581 0.052489 0.759203 0.231045 0.971817 -0.046800 -0.789694 0.215409 0.574440 0.568332 -0.095764 0.817208
VERTEX_POSE A178 0.382767 -0.338430 -0.328392 -0.482691 -0.804258 -0.346669 -0.812452 0.263411 0.520131 0.327003 -0.532714 0.780567
VERTEX_POSE A179 0.177935 -0.581467 -0.189442 -0.221355 0.738957 -0.636353 0.773935 0.530129 0.346392 0.593318 -0.415820 -0.689252
VERTEX_POSE A180 -0.146458 0.040512 0.055600 0.114354 0.921698 0.370669 0.937903 0.022841 -0.346146 0.327508 -0.387235 0.861851
VERTEX_POSE A181 -0.154442 -0.864640 -0.846495 0.633105 0.015240 -0.773916 -0.298439 -0.917704 -0.262211 0.714222 -0.396973 0.576454
VERTEX_POSE A182 0.835813 0.018648 -0.533155 -0.992185 0.124250 0.011464 -0.074895 -0.666498 0.741735 -0.099801 -0.735080 -0.670595
VERTEX_POSE A183 0.713508 0.841314 -0.110459 -0.762354 -0.636523 0.116855 0.099549 0.063076 0.993031 -0.639458 0.768674 0.015279
VERTEX_POSE A184 0.162524 0.837426 -0.495104 0.290500 0.915410 0.278631 -0.294412 0.362571 -0.884231 -0.910457 0.174836 0.374834
VERTEX_POSE A185 -0.885932 -0.085505 -0.301153 0.379063 -0.330839 0.864209 -0.908094 -0.312611 0.278637 -0.177977 0.890404 0.418933
VERTEX_POSE A186 0.834286 -0.651089 0.209109 -0.337960 0.562903 0.754270 -0.100674 0.775206 -0.623635 -0.935761 -0.286699 -0.205319
VERTEX_POSE A187 -0.029033 -0.833688 0.284093 -0.766326 -0.132553 0.628629 -0.401789 0.862399 -0.307952 -0.501309 -0.488567 -0.714137
VERTEX_POSE A188 -0.228216 -0.089237 0.436257 0.760322 -0.421534 -0.494185 -0.135002 -0.846756 0.514567 -0.635362 -0.324521 -0.700715
VERTEX_POSE A189 0.884040 0.109962 -0.485036 -0.211777 0.018684 -0.977139 0.581317 0.806129 -0.110575 0.785634 -0.591445 -0.181581
VERTEX_POSE A190 -0.707291 -0.661305 0.407504 -0.202369 -0.717876 0.666109 -0.782536 0.527490 0.330744 0.588799 0.454322 0.668511
VERTEX_POSE A191 -0.561567 0.941361 -0.649244 -0.631501 0.757055 -0.167553 -0.593335 -0.332709 0.732979 -0.499159 -0.562292 -0.659294
VERTEX_POSE A192 -0.508207 -0.402387 -0.484339 -0.330034 0.639025 0.694784 -0.442185 -0.754933 0.484302 -0.833996 0.147387 -0.531721
VERTEX_POSE A193 0.292797 -0.877204 0.506266 -0.035334 -0.770964 -0.635897 0.733464 0.412187 -0.540493 -0.678809 0.485506 -0.550910
VERTEX_POSE A194 -0.690918 0.175549 0.402749 0.716577 -0.130026 -0.685282 -0.664048 0.173473 -0.727288 0.213445 0.976217 0.037963
VERTEX_POSE A195 0.787326 0.861589 -0.882858 -0.570973 -0.602303 -0.557871 -0.779204 0.183608 0.599274 0.258515 -0.776865 0.574153
VERTEX_POSE A196 -0.980387 -0.879094 -0.832178 -0.495944 -0.459511 0.736811 -0.539285 0.828032 0.153410 -0.680596 -0.321268 -0.658464
VERTEX_POSE A197 0.714102 -0.146112 -0.877070 -0.488561 0.018572 -0.872332 -0.865403 -0.137837 0.481746 -0.111293 0.990281 0.083414
VERTEX_POSE A198 0.472528 0.732120 0.485562 -0.484750 -0.723555 0.491411 -0.642109 0.675884 0.361769 0.593897 0.140172 0.792237
VERTEX_POSE A199 0.393969 0.496715 -0.385242 -0.691316 0.522378 -0.499203 -0.633027 -0.770969 0.069879 -0.348367 0.364317 0.863663
VERTEX_POSE A200 0.570485 0.777028 0.213230 0.033063 -0.245631 0.968799 -0.853953 -0.510589 -0.100312 0.519298 -0.823993 -0.226639
VERTEX_POSE A201 0.027425 -0.226578 -0.445911 -0.698545 -0.696898 0.162382 -0.708820 0.642820 -0.290443 -0.098027 0.317987 0.943014
VERTEX_POSE A202 -0.784404 -0.974739 -0.363555 -0.535372 -0.716931 0.446527 0.599884 -0.694925 -0.396509 0.594572 0.055585 0.802118
VERTEX_POSE A203 -0.603287 -0.771288 0.087386 -0.644229 0.720639 0.256218 0.205429 0.485726 -0.849629 0.736728 0.494721 0.460960
VERTEX_POSE A204 -0.613819 -0.158722 0.547664 0.073227 -0.065117 0.995187 -0.626263 -0.779596 -0.004930 -0.776165 0.622888 0.097868
VERTEX_POSE A205 -0.671037 -0.132492 -0.496515 0.541794 0.788976 -0.289786 -0.392145 0.542227 0.743109 0.743425 -0.288974 0.603169
VERTEX_POSE A206 0.289101 0.537505 -0.412250 0.662201 -0.586625 -0.466220 0.636409 0.111846 0.763200 -0.395567 -0.802098 0.447398
VERTEX_POSE A207 -0.366889 0.217345 0.683006 0.877010 -0.413940 0.243941 0.480332 0.743069 -0.465972 0.011619 0.525835 0.850507
VERTEX_POSE A208 -0.832457 0.919998 -0.737312 0.140885 -0.495486 -0.857114 -0.508933 -0.778846 0.366586 -0.849199 0.384567 -0.361897
VERTEX_POSE A209 -0.328131 -0.800925 0.259358 0.129029 0.613940 0.778735 0.502510 -0.717484 0.482390 0.854889 0.329080 -0.401088
VERTEX_POSE A210 0.811046 0.635878 -0.506436 -0.424339 0.736446 -0.526862 -0.341508 -0.669036 -0.660123 0.838635 0.100188 -0.535401
VERTEX_POSE A211 0.021085 -0.039491 0.318287 0.758351 -0.435757 0.484788 -0.646356 -0.406358 0.645831 0.084428 0.803112 0.589816
VERTEX_POSE A212 0.517426 -0.665565 0.412863 -0.393915 -0.302429 0.867967 -0.456817 -0.755016 -0.470393 -0.797590 0.581797 -0.159257
VERTEX_POSE A213 0.646859 -0.345474 -0.039591 -0.453770 0.647543 0.612194 -0.390233 0.473223 -0.789796 0.801131 0.597284 -0.037958
VERTEX_POSE A214 -0.265407 -0.198177 -0.792172 0.667379 -0.678149 -0.307764 0.345510 0.648046 -0.678719 0.659718 0.346627 0.666800
VERTEX_POSE A215 -0.320050 -0.828138 0.917759 -0.512947 0.334224 -0.790683 -0.756526 -0.611277 0.232400 -0.405653 0.717381 0.566401
VERTEX_POSE A216 0.760927 0.569021 0.659257 0.737210 0.322173 -0.593907 0.663010 -0.514255 0.544022 0.130151 0.794825 0.592718
VERTEX_POSE A217 -0.431120 0.150735 0.416937 -0.599079 0.791175 0.123070 0.793335 0.607308 -0.042385 0.108276 -0.072244 0.991492
VERTEX_POSE A218 0.650917 -0.661827 0.201852 0.597212 0.563403 0.570890 -0.798452 0.485247 0.356384 0.076234 0.668665 -0.739645
VERTEX_POSE A219 -0.467289 -0.520216 0.095514 0.362789 -0.866539 -0.342776 0.604951 -0.060786 0.793939 -0.708815 -0.495395 0.502161
VERTEX_POSE A220 -0.547080 -0.739303 0.931901 0.750705 -0.540207 -0.380286 0.319399 0.800670 -0.506864 -0.578296 -0.259043 -0.773609
VERTEX_POSE A221 0.943626 -0.323132 -0.390644 0.516386 -0.852936 0.076462 0.723685 0.482380 0.493548 0.457848 0.199527 -0.866351
VERTEX_POSE A222 -0.028857 -0.578855 0.446269 -0.994835 0.031325 -0.096553 0.027066 -0.834897 -0.549740 -0.097832 -0.549514 0.829737
VERTEX_POSE A223 -0.055288 -0.141691 -0.552438 -0.804854 0.056546 -0.590772 0.580636 0.280945 -0.764154 0.122765 -0.958057 -0.258953
VERTEX_POSE A224 0.236423 -0.200335 -0.884378 0.925528 -0.345153 0.155781 -0.033997 -0.485452 -0.873602 0.377150 0.803247 -0.461034
VERTEX_POSE A225 0.280226 0.596694 -0.150982 -0.584646 0.538200 0.607067 -0.809747 -0.341011 -0.477515 -0.049982 -0.770748 0.635177
VERTEX_POSE A226 -0.267961 -0.280102 -0.435296 -0.194530 -0.062793 -0.978885 0.576113 -0.814999 -0.062208 -0.793884 -0.576050 0.194718
VERTEX_POSE A227 0.256036 -0.079430 -0.716555 0.705560 -0.377329 -0.599840 -0.035419 0.826620 -0.561645 -0.707765 -0.417520 -0.569865
VERTEX_POSE A228 -0.005672 -0.549418 -0.028051 -0.752658 0.059918 0.655680 0.121185 -0.966230 0.227405 0.647163 0.250617 0.719980
VERTEX_POSE A229 -0.795434 -0.547982 -0.949735 -0.815951 0.158613 0.555938 0.571783 0.363417 0.735522 -0.085374 0.918025 -0.387222
VERTEX_POSE A230 -0.349995 -0.582715 -0.101798 -0.098623 0.788705 -0.606810 0.802058 0.423950 0.420677 0.589047 -0.445208 -0.674398
VERTEX_POSE A231 -0.435187 -0.772390 -0.814821 -0.147707 -0.386779 -0.910266 -0.680866 -0.627787 0.377234 0.717359 -0.675489 0.170616
VERTEX_POSE A232 0.231991 0.225440 -0.395646 0.705196 0.027887 0.708463 -0.267950 0.935604 0.229886 0.656430 0.351948 -0.667257
VERTEX_POSE A233 -0.134399 -0.557454 0.534647 -0.763026 0.001394 -0.646367 0.430018 0.747684 -0.506017 0.482573 -0.664053 -0.571102
VERTEX_POSE A234 -0.038475 -0.543678 0.272564 -0.602294 -0.562923 0.566003 0.195496 0.583428 0.788285 -0.773966 0.585430 -0.241346
VERTEX_POSE A235 0.618172 -0.933282 -0.847982 0.919728 -0.029918 -0.391415 0.392182 0.113583 0.912848 0.017148 -0.993078 0.116199
VERTEX_POSE A236 0.194563 0.310054 -0.961868 0.158279 -0.912405 0.377445 -0.104790 0.364582 0.925256 -0.981818 -0.186001 -0.037905
VERTEX_POSE A237 -0.749374 0.993827 0.860314 0.874212 0.481787 0.060295 0.230051 -0.520353 0.822380 0.427586 -0.705064 -0.565734
VERTEX_POSE A238 -0.748717 0.284063 0.835024 0.867702 -0.468620 -0.165799 -0.396175 -0.450499 -0.800060 -0.300232 -0.759898 0.576555
VERTEX_POSE A239 0.362106 0.230052 -0.699180 -0.099283 -0.818350 0.566080 0.895696 0.174307 0.409079 -0.433442 0.547650 0.715687
VERTEX_POSE A240 -0.077505 -0.807098 0.119672 0.143686 -0.943408 -0.298891 0.988659 0.123516 0.085418 0.043666 0.307775 -0.950457
VERTEX_POSE A241 -0.937671 -0.080059 -0.671412 0.209687 0.658919 -0.722397 0.292936 0.662550 0.689359 0.932856 -0.356166 -0.054092
VERTEX_POSE A242 -0.616808 -0.809438 0.619107 -0.967513 0.194227 0.161850 -0.148808 -0.955018 0.256510 0.204391 0.224092 0.952894
VERTEX_POSE A243 -0.560079 -0.472663 -0.467464 0.466606 0.884295 0.017339 -0.861720 0.450102 0.234193 0.199291 -0.124217 0.972036
VERTEX_POSE A244 0.709189 0.574467 0.288997 -0.687252 -0.567460 0.453514 0.182833 -0.739339 -0.648035 0.703034 -0.362446 0.611862
VERTEX_POSE A245 0.117785 -0.007615 0.826935 -0.229861 -0.954199 -0.191488 -0.894160 0.284741 -0.345543 -0.384242 -0.091794 0.918658
VERTEX_POSE A246 0.119872 -0.300801 -0.549705 -0.584524 0.791273 0.179497 -0.555146 -0.228685 -0.799698 0.591731 0.567089 -0.572944
VERTEX_POSE A247 0.470116 0.143488 -0.051746 0.544030 0.007275 -0.839034 -0.381936 -0.888213 -0.255349 0.747099 -0.459375 0.480435
VERTEX_POSE A248 0.686665 -0.856880 0.243872 0.251713 0.393667 -0.884119 -0.681790 -0.576234 -0.450685 0.686879 -0.716227 -0.123353
VERTEX_POSE A249 -0.229211 0.037372 0.652147 0.473152 -0.556657 -0.682833 -0.584841 -0.778125 0.229090 0.658854 -0.290954 0.693727
VERTEX_POSE A250 -0.997174 0.623273 -0.956233 0.557150 0.535665 0.634545 -0.779765 0.074697 0.621601 -0.285571 0.841120 -0.459310
VERTEX_POSE A251 -0.860416 -0.596184 0.175773 -0.534862 0.569896 -0.623812 0.436824 0.818478 0.373200 -0.723262 0.072885 0.686717
VERTEX_POSE A252 -0.285585 0.714241 -0.738496 -0.697300 0.369563 -0.614163 -0.714486 -0.289879 0.636773 -0.057295 -0.882832 -0.466181
VERTEX_POSE A253 -0.026030 -0.955582 0.490036 0.334056 0.005539 0.942537 -0.942102 -0.028986 0.334072 -0.029171 0.999564 0.004465
VERTEX_POSE A254 0.084297 0.262126 0.623335 -0.893857 0.070288 -0.442808 -0.138487 -0.982624 0.123578 -0.426428 0.171784 0.888059
VERTEX_POSE A255 0.950838 -0.486095 -0.622874 0.903075 0.149522 0.402615 0.305767 0.434471 -0.847196 -0.301599 0.888188 0.346641
VERTEX_POSE A256 -0.745804 0.641112 -0.660945 -0.670083 0.146843 -0.727616 -0.366283 0.787172 0.496183 0.645620 0.598997 -0.473685
VERTEX_POSE A257 0.816335 0.982023 -0.811961 -0.329390 0.099660 -0.938920 -0.019727 0.993470 0.112371 -0.943988 -0.055536 0.325273
VERTEX_POSE A258 0.206874 0.434476 -0.339429 0.893806 -0.079590 -0.441334 -0.319146 -0.804262 -0.501306 0.315049 -0.588921 0.744255
VERTEX_POSE A259 0.248523 -0.908306 0.311004 0.604873 -0.412637 0.681072 -0.779149 -0.483334 0.399143 0.164484 -0.772088 -0.613862
VERTEX_POSE A260 -0.979099 -0.565959 -0.761696 -0.566621 -0.733837 0.374731 0.587193 -0.040570 0.808430 0.578053 -0.678113 -0.453892
VERTEX_POSE A261 0.856879 0.851761 0.558773 0.242055 -0.681240 -0.690885 0.728026 -0.343189 0.593464 -0.641395 -0.646633 0.412890
VERTEX_POSE A262 0.813336 -0.680696 0.496183 -0.217168 0.851496 -0.477277 0.306267 -0.404819 -0.861581 -0.926843 -0.333282 -0.172871
VERTEX_POSE A263 0.252892 0.659481 -0.157342 -0.980272 -0.190699 0.051968 -0.098433 0.699008 0.708307 -0.171399 0.689218 -0.703989
VERTEX_POSE A264 -0.277520 -0.705693 0.093420 0.054836 0.892834 -0.447035 0.312737 -0.440539 -0.841499 0.948256 0.093660 0.303380
VERTEX_POSE A265 -0.225139 -0.224374 -0.231253 0.598936 0.800130 -0.032685 -0.673962 0.525696 0.519055 0.432494 -0.288852 0.854116
VERTEX_POSE A266 -0.128936 0.726199 -0.005323 -0.557657 0.392641 0.731336 -0.805366 -0.469286 -0.362155 0.201009 -0.790951 0.577920
VERTEX_POSE A267 0.917043 0.604361 0.131552 0.280623 -0.753737 -0.594248 0.797913 0.527307 -0.292030 0.533465 -0.392208 0.749391
VERTEX_POSE A268 0.025488 -0.230547 -0.370939 0.070647 -0.673617 0.735696 0.752174 0.520396 0.404254 0.655166 -0.524813 -0.543442
VERTEX_POSE A269 0.122347 0.010261 -0.170299 -0.950218 0.248136 0.188453 0.035490 -0.514691 0.856641 0.309558 0.820683 0.480263
VERTEX_POSE A270 0.279149 -0.165587 0.432372 0.677490 -0.580525 -0.451662 -0.001627 0.612878 -0.790176 0.735531 0.536071 0.414274
VERTEX_POSE A271 0.947983 -0.037645 0.748734 -0.108205 0.414515 0.903587 -0.820193 0.476389 -0.316759 0.561760 0.775391 -0.288435
VERTEX_POSE A272 0.184677 0.930202 0.158289 -0.544912 -0.737514 0.398928 0.433234 0.159702 0.887020 0.717899 -0.656177 -0.232492
VERTEX_POSE A273 0.662341 0.024975 0.051480 -0.434865 -0.512701 0.740290 0.663336 -0.738358 -0.121703 -0.608997 -0.438137 -0.661180
VERTEX_POSE A274 -0.612096 0.489693 -0.718731 0.625485 -0.385594 0.678296 -0.104508 0.820109 0.562582 -0.773205 -0.422774 0.472669
VERTEX_POSE A275 -0.106135 0.504669 -0.552714 -0.482215 -0.667901 -0.566902 -0.175392 -0.560403 0.809435 0.858316 -0.489752 -0.153091
VERTEX_POSE A276 -0.219874 -0.982640 -0.121585 0.445497 -0.777223 -0.444360 -0.523008 -0.628769 0.575423 0.726633 0.023945 0.686609
VERTEX_POSE A277 0.507776 -0.811108 -0.268436 0.402266 -0.242449 -0.882836 0.485958 -0.760696 0.430334 -0.775904 -0.602130 -0.188182
VERTEX_POSE A278 -0.636019 -0.351842 0.395539 0.769619 0.383443 0.510547 0.400365 -0.912685 0.081939 -0.497387 -0.141343 0.855937
VERTEX_POSE A279 -0.533209 -0.839521 -0.877713 0.583296 -0.752597 -0.305555 0.811435 0.556850 0.177458 -0.036593 0.351449 -0.935492
VERTEX_POSE A280 -0.721435 0.226264 -0.616289 0.518574 0.706865 -0.481064 0.731932 -0.657827 -0.177593 -0.441991 -0.260011 -0.858509
VERTEX_POSE A281 -0.633193 -0.728570 0.439306 -0.695713 -0.372749 -0.614037 -0.704427 0.186726 0.684775 0.140593 -0.908951 0.392482
VERTEX_POSE A282 -0.393625 -0.435704 0.298060 -0.889378 0.455900 -0.034088 0.141043 0.344545 0.928114 -0.434872 -0.820636 0.370732
VERTEX_POSE A283 -0.007020 -0.059495 -0.354785 -0.806106 0.591167 0.026751 -0.155224 -0.167607 -0.973557 -0.571051 -0.788942 0.226872
VERTEX_POSE A284 0.340777 -0.684152 -0.070657 -0.407878 0.093399 -0.908247 0.825361 0.463062 -0.323037 0.390403 -0.881391 -0.265961
VERTEX_POSE A285 0.690672 0.826421 -0.078605 0.623714 0.753272 0.208717 0.780531 -0.585903 -0.217921 0.041866 -0.298830 0.953388
VERTEX_POSE A286 -0.056182 0.454410 0.022341 -0.658015 0.300127 -0.690609 -0.342389 0.697593 0.629392 0.670661 0.650606 -0.356266
VERTEX_POSE A287 0.594973 0.956960 0.268398 -0.774145 -0.565071 0.285295 -0.103851 0.557966 0.823340 0.624431 -0.607757 0.490630
VERTEX_POSE A288 0.507007 0.808445 0.109433 0.596354 -0.270731 0.755689 -0.441294 0.675818 0.590364 -0.670538 -0.685548 0.283555
VERTEX_POSE A289 -0.849307 -0.111114 0.682911 -0.627764 0.734676 0.257224 0.489509 0.115669 0.864292 0.605222 0.668485 -0.432243
VERTEX_POSE A290 -0.156504 -0.951346 -0.420598 -0.866731 0.297255 0.400520 -0.324886 0.272831 -0.905545 0.378452 0.914988 0.139897
VERTEX_POSE A291 0.527909 -0.757514 0.347737 0.475787 -0.824773 -0.305575 0.879519 0.442752 0.174407 -0.008553 -0.351740 0.936059
VERTEX_POSE A292 -0.992428 -0.259353 0.241684 0.313421 -0.845576 -0.432168 0.785072 -0.025314 0.618887 -0.534255 -0.533255 0.655904
VERTEX_POSE A293 -0.343168 -0.632042 -0.924416 -0.698542 -0.202560 -0.686301 0.696531 0.027285 -0.717008 0.163962 -0.978890 0.122030
VERTEX_POSE A294 -0.219199 0.901967 -0.809604 0.591047 0.318885 0.740929 -0.739213 0.581757 0.339298 0.322844 0.748246 -0.579569
VERTEX_POSE A295 -0.269948 0.034953 -0.664896 0.392381 0.373149 0.840713 -0.889547 0.386447 0.243649 0.233974 0.843457 -0.483567
VERTEX_POSE A296 0.431693 0.143583 -0.155669 -0.956677 0.236257 0.170153 -0.290614 -0.739372 -0.607348 0.017684 0.630485 -0.776000
VERTEX_POSE A297 0.651865 0.628166 0.185072 0.004164 -0.924334 0.381562 -0.954457 -0.117503 -0.274235 0.298320 -0.363043 -0.882726
VERTEX_POSE A298 -0.352905 -0.360685 0.466657 -0.338662 0.338379 0.877957 0.916190 -0.093878 0.389593 0.214250 0.936316 -0.278226
VERTEX_POSE A299 -0.542819 0.913037 0.473392 0.900890 0.154339 0.405681 0.385115 -0.715341 -0.583072 0.200210 0.681518 -0.703882
VERTEX_POSE A300 -0.225788 -0.361573 -0.985227 0.554289 0.561057 0.614800 -0.755186 0.649567 0.088073 -0.349940 -0.513106 0.783750
VERTEX_POSE A301 0.926244 0.473728 -0.100971 0.249870 0.806084 0.536465 -0.897957 0.400192 -0.183081 0.362267 0.435976 -0.823825
VERTEX_POSE A302 -0.594837 -0.124608 0.222126 0.990551 0.066535 0.119922 -0.123264 0.048618 0.991182 0.060118 -0.996599 0.056360
VERTEX_POSE A303 0.958889 -0.431371 0.173062 -0.936744 0.056223 -0.345469 -0.096282 -0.990328 0.099900 -0.336511 0.126843 0.933097
VERTEX_POSE A304 0.588585 -0.501297 0.950509 -0.564844 -0.190588 -0.802887 0.455323 -0.883428 -0.110621 -0.688210 -0.428056 0.585778
VERTEX_POSE A305 -0.206933 -0.634915 0.503395 -0.741339 -0.543413 0.393850 -0.406234 -0.103791 -0.907855 -0.534219 0.833024 0.143808
