VERTEX_POSE A0 -0.954438 0.287413 -0.734112 -0.515778 0.848444 0.118811 -0.701756 -0.497952 0.509493 -0.491438 -0.179409 -0.852233
VERTEX_POSE A1 -0.777943 -0.262714 0.980831 0.664140 -0.190551 0.722916 0.052771 -0.952612 -0.299576 0.745743 0.237109 -0.622612
VERTEX_POSE A2 0.263973 0.528570 0.191369 0.534780 0.667963 -0.517528 0.260199 -0.712880 -0.651228 -0.803932 0.213604 -0.555037
VERTEX_POSE A3 0.061786 0.204780 0.000813 0.094447 0.377711 0.921094 -0.888222 -0.385882 0.249314 0.449602 -0.841682 0.299046
VERTEX_POSE A4 -0.184690 0.114857 -0.811855 -0.517059 -0.845284 -0.134701 0.855483 -0.505140 -0.113943 0.028271 -0.174150 0.984313
VERTEX_POSE A5 0.170633 -0.032147 -0.470008 -0.864500 0.305009 -0.399510 -0.469487 -0.206150 0.858536 0.179502 0.929770 0.321415
VERTEX_POSE A6 -0.866380 -0.945357 0.341119 0.814954 0.419894 0.399423 -0.577263 0.649011 0.495532 0.051159 0.634408 -0.771304
VERTEX_POSE A7 -0.225871 -0.027210 -0.198137 -0.371559 -0.393278 0.840997 0.266462 -0.912910 -0.309182 -0.889349 -0.109214 -0.443993
VERTEX_POSE A8 -0.168676 0.423184 -0.622787 -0.228954 0.362751 0.903323 0.098564 0.931842 -0.349222 -0.968434 0.009080 -0.249103
VERTEX_POSE A9 -0.598628 -0.734764 0.783688 0.423827 0.475016 0.771187 0.392721 -0.863619 0.316119 -0.816174 -0.168882 0.552574
VERTEX_POSE A10 0.698004 0.068396 0.883211 0.661073 0.575172 0.481829 0.558531 -0.806027 0.195867 0.501024 0.139634 -0.854094
VERTEX_POSE A11 0.335140 -0.828180 0.154082 -0.499144 0.136558 0.855691 -0.300209 -0.953598 -0.022936 0.812853 -0.268334 0.516979
VERTEX_POSE A12 -0.620949 0.155185 -0.626730 -0.400753 0.295558 0.867204 0.620627 0.783860 0.019652 -0.673958 0.546085 -0.497565
VERTEX_POSE A13 0.060124 0.072082 -0.052714 0.911243 0.097746 -0.400102 0.307988 0.483263 0.819512 0.273458 -0.870001 0.410266
VERTEX_POSE A14 0.085661 -0.611092 -0.661094 -0.615326 0.612066 -0.496739 0.786469 0.519291 -0.334370 -0.053295 0.596416 0.800904
VERTEX_POSE A15 -0.232807 0.067112 -0.424087 0.708472 0.669495 0.223256 -0.464576 0.680559 -0.566577 -0.531259 0.297685 0.793188
VERTEX_POSE A16 0.820992 -0.815985 -0.063920 -0.719473 0.327226 -0.612602 0.677303 0.525759 -0.514624 0.153683 -0.785176 -0.599901
VERTEX_POSE A17 0.610449 0.305618 0.376501 -0.506472 -0.434428 -0.744821 0.157906 0.802466 -0.575425 0.847674 -0.409048 -0.337828
VERTEX_POSE A18 0.203850 -0.101260 0.818507 -0.816507 0.462457 0.345615 -0.565747 -0.521569 -0.638668 -0.115095 -0.717007 0.687498
VERTEX_POSE A19 0.330853 0.371009 0.951009 0.765974 0.037415 -0.641781 -0.188950 -0.941109 -0.280379 0.614476 -0.336028 0.713796
VERTEX_POSE A20 0.498888 0.704600 -0.898843 0.117536 -0.264678 -0.957147 -0.242236 0.927073 -0.286107 0.963072 0.265483 0.044850
VERTEX_POSE A21 0.130328 0.624820 -0.374709 -0.544078 0.401131 0.736935 -0.194238 -0.914670 0.354472 0.816242 0.049720 0.575567
VERTEX_POSE A22 -0.099787 -0.383948 0.704563 0.614915 -0.784824 0.077009 -0.654973 -0.562669 -0.504394 0.439192 0.259721 -0.860032
VERTEX_POSE A23 -0.785225 -0.988244 -0.732810 0.579542 0.636632 0.508754 0.352314 0.367202 -0.860835 -0.734851 0.678131 -0.011485
VERTEX_POSE A24 -0.288616 -0.674577 -0.723023 0.976802 -0.002520 -0.214128 0.207601 -0.234129 0.949782 -0.052527 -0.972202 -0.228174
VERTEX_POSE A25 0.783854 -0.761753 0.051303 -0.190791 -0.935446 -0.297555 0.906707 -0.284087 0.311731 0.376139 0.210320 -0.902377
VERTEX_POSE A26 -0.584162 0.865598 0.991575 0.411323 -0.277837 0.868113 0.864751 0.420015 -0.275306 0.288130 -0.863941 -0.413022
VERTEX_POSE A27 0.959240 -0.986376 -0.472805 -0.249204 0.250089 -0.935603 -0.841710 0.421877 0.336963 -0.478980 -0.871479 -0.105369
VERTEX_POSE A28 -0.504401 0.362355 0.333677 0.094897 0.985120 0.143296 -0.604925 -0.057255 0.794221 -0.790607 0.162052 -0.590490
VERTEX_POSE A29 0.656616 -0.119441 0.987838 -0.554571 0.255681 -0.791883 -0.325751 0.808976 0.489330 -0.765727 -0.529325 0.365346
VERTEX_POSE A30 -0.480717 0.946698 -0.615086 -0.082526 -0.810649 -0.579688 -0.564917 -0.441142 0.697326 -0.821011 0.385023 -0.421544
VERTEX_POSE A31 -0.458839 -0.350233 0.599565 0.501235 -0.411413 -0.761251 0.865030 0.260662 0.428694 -0.022059 0.873381 -0.486537
VERTEX_POSE A32 0.878674 0.617845 0.968669 -0.774100 -0.554370 -0.305684 -0.155047 0.634181 -0.757479 -0.613783 0.538969 0.576873
VERTEX_POSE A33 0.783256 0.475269 0.576282 0.292361 0.639987 -0.710592 0.949258 -0.104156 0.296750 -0.115904 0.761294 0.637964
VERTEX_POSE A34 0.602948 0.854547 -0.399622 -0.899257 0.305667 -0.312897 -0.083220 -0.821811 -0.563650 -0.429431 -0.480827 0.764457
VERTEX_POSE A35 -0.306016 -0.267298 -0.843186 -0.032887 -0.609485 0.792115 0.666092 0.577513 0.472017 0.745144 -0.543145 -0.386981
VERTEX_POSE A36 -0.046111 -0.556879 -0.893725 0.749807 0.600437 -0.277966 -0.623705 0.781637 0.005991 0.220866 0.168876 0.960572
VERTEX_POSE A37 0.736568 0.909190 0.941496 0.453122 0.431858 -0.779858 -0.481258 0.854891 0.193783 0.750381 0.287505 0.595205
VERTEX_POSE A38 0.468112 0.705492 -0.041323 0.690541 0.453209 0.563697 0.720051 -0.504457 -0.476497 0.068408 0.734932 -0.674682
VERTEX_POSE A39 0.785213 0.866305 -0.516512 0.528174 -0.788227 -0.315803 -0.037191 0.350080 -0.935981 0.848322 0.506106 0.155588
VERTEX_POSE A40 -0.862060 -0.825573 0.725184 0.167071 0.294736 -0.940860 -0.546051 -0.766892 -0.337202 -0.820924 0.570094 0.032816
VERTEX_POSE A41 0.166117 -0.226112 -0.158112 0.293147 0.903095 -0.313821 -0.195717 -0.264605 -0.944288 -0.935820 0.338235 0.099183
VERTEX_POSE A42 0.120354 -0.961874 0.637570 -0.737492 -0.674931 0.023944 -0.560148 0.631106 0.536600 -0.377279 0.382327 -0.843497
VERTEX_POSE A43 -0.483009 0.329612 -0.901546 -0.245568 0.881872 0.402491 -0.963661 -0.177050 -0.200027 -0.105137 -0.436985 0.893303
VERTEX_POSE A44 -0.773760 0.845970 0.789174 0.486542 0.770697 -0.411464 0.698623 -0.626012 -0.346461 -0.524598 -0.118890 -0.843008
VERTEX_POSE A45 -0.793985 -0.572966 0.976476 -0.144107 0.439812 -0.886453 -0.706501 0.581508 0.403368 -0.692885 -0.684408 -0.226928
VERTEX_POSE A46 0.284184 -0.603276 -0.325633 -0.160995 0.774882 -0.611259 0.915916 -0.113417 -0.385013 0.367667 0.621847 0.691468
VERTEX_POSE A47 -0.952768 -0.970015 -0.274746 0.346401 -0.486516 0.802065 -0.253398 -0.871746 -0.419344 -0.903214 0.057981 0.425255
VERTEX_POSE A48 0.816464 0.732652 0.352976 0.796321 0.258815 0.546706 0.166581 0.775047 -0.609552 0.581484 -0.576470 -0.574072
VERTEX_POSE A49 -0.511966 0.295465 -0.507126 0.587150 0.791968 0.167453 0.389385 -0.094969 -0.916166 -0.709671 0.603131 -0.364142
VERTEX_POSE A50 0.378085 0.400994 -0.323737 -0.622305 -0.215180 -0.752618 0.770473 0.001405 -0.637471 -0.138229 0.976573 -0.164916
VERTEX_POSE A51 0.315351 0.437252 0.454133 0.338583 -0.609888 -0.716518 -0.936318 -0.293739 -0.192421 0.093114 -0.736039 0.670505
VERTEX_POSE A52 0.618362 -0.079716 0.118165 -0.966431 0.143419 -0.213170 0.076419 -0.631689 -0.771446 0.245297 0.761840 -0.599524
VERTEX_POSE A53 -0.721702 -0.982955 -0.619174 0.175919 0.344416 0.922188 -0.819083 -0.468417 0.331193 0.546037 -0.813611 0.199702
VERTEX_POSE A54 0.530126 0.449008 0.721324 0.291182 -0.055665 0.955047 -0.319121 -0.946778 0.042113 0.901873 -0.317038 -0.293448
VERTEX_POSE A55 -0.670254 0.245707 0.395141 0.511757 0.167324 0.842679 -0.858791 0.072053 0.507235 0.024155 -0.983266 0.180570
VERTEX_POSE A56 -0.937848 -0.744707 0.432129 -0.224020 -0.757781 -0.612848 0.872754 -0.435835 0.219880 0.433722 0.485608 -0.758993
VERTEX_POSE A57 0.945964 0.314606 0.712898 0.593169 0.530067 0.605953 -0.784424 0.211135 0.583182 0.181188 -0.821249 0.541036
VERTEX_POSE A58 -0.711013 0.259331 0.922336 -0.474526 0.171934 -0.863286 -0.678882 -0.695761 0.234595 -0.560306 0.697391 0.446880
VERTEX_POSE A59 -0.442249 0.617647 -0.234194 -0.666925 -0.412340 0.620634 0.466489 0.418442 0.779291 0.581032 -0.809248 0.086718
VERTEX_POSE A60 0.602581 -0.804835 0.700737 0.738553 0.121926 -0.663079 0.600117 0.329316 0.728979 -0.307244 0.936314 -0.170048
VERTEX_POSE A61 -0.191730 0.206030 -0.692750 0.694933 0.447304 -0.563016 0.587192 0.098939 0.803378 0.415058 -0.888893 -0.193898
VERTEX_POSE A62 0.098913 -0.732585 -0.634629 -0.750626 0.623110 -0.219761 -0.197591 0.105688 0.974571 -0.630491 -0.774961 -0.043789
VERTEX_POSE A63 0.481254 0.813010 0.669406 -0.289589 0.126376 -0.948771 -0.635042 0.716284 0.289240 0.716142 0.686270 -0.127174
VERTEX_POSE A64 -0.408474 -0.318702 0.883532 -0.482018 -0.648898 0.588719 0.817301 -0.090884 0.568998 -0.315717 0.755428 0.574153
VERTEX_POSE A65 -0.298139 -0.878038 -0.034252 -0.878957 -0.466874 -0.097282 0.055099 -0.302037 0.951703 0.473708 -0.831145 -0.291201
VERTEX_POSE A66 -0.824762 -0.454288 0.826220 0.502496 0.656447 -0.562650 0.604828 -0.731931 -0.313783 0.617803 0.182632 0.764830
VERTEX_POSE A67 0.545415 0.124420 0.989807 -0.270926 -0.854835 -0.442557 -0.603431 -0.207379 0.769978 -0.749981 0.475659 -0.459649
VERTEX_POSE A68 -0.561572 -0.968848 -0.092755 0.835737 0.258390 0.484539 -0.513900 0.678985 0.524296 0.193521 0.687178 -0.700239
VERTEX_POSE A69 0.643351 -0.748797 -0.215102 -0.232146 0.712526 0.662129 0.815689 -0.228216 0.531572 0.529867 0.663493 -0.528221
VERTEX_POSE A70 0.330628 -0.009275 -0.526706 -0.938840 -0.325763 -0.111614 0.318511 -0.698313 -0.641022 -0.130880 0.637368 -0.759363
VERTEX_POSE A71 -0.423632 -0.794421 -0.367571 -0.678056 -0.300094 -0.670957 -0.082347 -0.876091 0.475061 0.730383 -0.377369 -0.569327
VERTEX_POSE A72 -0.190532 0.025091 0.626786 0.528388 -0.069394 -0.846162 0.073449 -0.989181 0.126989 -0.845820 -0.129249 -0.517575
VERTEX_POSE A73 -0.549018 0.028851 -0.889136 -0.465243 0.259382 0.846327 -0.510913 0.702083 -0.496033 -0.722854 -0.663175 -0.194118
VERTEX_POSE A74 0.093359 0.535191 -0.269117 -0.140484 -0.875640 -0.462080 0.092266 0.453099 -0.886672 0.985774 -0.167197 0.017139
VERTEX_POSE A75 0.035708 -0.128939 0.415959 -0.950007 -0.231928 -0.209037 -0.136041 0.910078 -0.391473 0.281034 -0.343464 -0.896132
VERTEX_POSE A76 -0.343003 0.455884 -0.912660 -0.432814 -0.580675 0.689557 -0.882549 0.116986 -0.455435 0.183791 -0.805687 -0.563107
VERTEX_POSE A77 -0.622457 0.931915 0.405250 -0.940696 -0.127053 -0.314561 0.300272 -0.743345 -0.597724 -0.157884 -0.656731 0.737413
VERTEX_POSE A78 0.082940 -0.098954 -0.858786 -0.866067 -0.077124 -0.493943 0.492027 0.043460 -0.869494 0.088526 -0.996074 0.000308
VERTEX_POSE A79 -0.526539 0.188536 0.440316 0.884035 -0.123024 0.450940 -0.312619 -0.872832 0.374744 -0.347493 0.472259 0.810074
VERTEX_POSE A80 -0.134423 0.227380 0.898124 0.719430 0.680147 0.140785 -0.628571 0.551323 0.548581 0.295497 -0.483159 0.824160
VERTEX_POSE A81 -0.538975 -0.697961 -0.182523 -0.515992 -0.531686 -0.671612 -0.709225 0.704860 -0.013119 0.480368 0.469554 -0.740787
VERTEX_POSE A82 0.788812 -0.374211 -0.105550 0.442253 0.884864 0.146380 0.587483 -0.162479 -0.792758 -0.677699 0.436596 -0.591699
VERTEX_POSE A83 -0.516061 -0.852336 0.016289 -0.365566 -0.927348 0.079925 -0.141215 0.140132 0.980011 0.920011 -0.346972 0.182183
VERTEX_POSE A84 -0.260677 -0.680915 0.198303 -0.167249 0.982844 -0.077749 -0.915030 -0.125379 0.383407 -0.367081 -0.135267 -0.920301
VERTEX_POSE A85 0.318939 -0.925204 -0.384227 0.266252 0.193675 0.944246 -0.946490 0.237895 0.218090 0.182393 0.951786 -0.246652
VERTEX_POSE A86 -0.186315 0.393372 -0.588570 -0.877676 0.184130 -0.442471 0.098664 -0.834052 -0.542791 0.468988 0.520051 -0.713861
VERTEX_POSE A87 -0.198524 -0.425623 -0.369568 -0.818017 0.553201 -0.157534 0.516146 0.585101 -0.625500 -0.253854 -0.592980 -0.764155
VERTEX_POSE A88 0.264903 0.389402 -0.671328 -0.056620 -0.685419 -0.725944 -0.558073 -0.581183 0.592267 -0.827858 0.438664 -0.349608
VERTEX_POSE A89 0.102672 -0.347297 -0.666233 0.039733 0.984532 0.170637 -0.830662 -0.062369 0.553273 -0.555358 0.163725 -0.815335
VERTEX_POSE A90 0.359227 -0.807975 0.396238 -0.474354 -0.442569 0.761000 0.855783 -0.029091 0.516517 0.206456 -0.896262 -0.392543
VERTEX_POSE A91 -0.132516 0.584567 -0.970592 0.770039 0.260713 0.582296 -0.395520 0.911222 0.115058 -0.500604 -0.318909 0.804794
VERTEX_POSE A92 0.910942 0.858732 -0.358984 0.274224 -0.957335 0.091167 -0.877498 -0.287882 -0.383563 -0.393444 -0.025183 0.919004
VERTEX_POSE A93 -0.541860 -0.540561 0.761609 0.187407 0.577923 -0.794282 -0.820752 -0.352125 -0.449860 0.539671 -0.736215 -0.408340
VERTEX_POSE A94 -0.651262 0.397577 0.698814 -0.460969 -0.520916 0.718438 0.841424 -0.513816 0.167329 -0.281981 -0.681644 -0.675165
VERTEX_POSE A95 -0.497532 -0.459969 -0.475451 0.221993 0.709584 -0.668737 -0.964664 0.060003 -0.256561 0.141926 -0.702061 -0.697830
VERTEX_POSE A96 0.160001 -0.418599 -0.272642 -0.022121 0.126186 0.991760 0.886161 -0.456786 0.077885 0.462850 0.880582 -0.101716
VERTEX_POSE A97 -0.476023 0.943289 0.525035 -0.064365 0.878076 0.474173 0.732610 0.364213 -0.575006 0.677599 -0.310373 0.666729
VERTEX_POSE A98 -0.952117 0.664450 -0.485644 -0.175883 -0.236983 0.955460 -0.971715 0.197177 -0.129969 0.157595 0.951294 0.264960
VERTEX_POSE A99 0.598429 -0.387446 0.634602 -0.243227 0.969647 0.025005 0.680415 0.152190 0.716850 -0.691285 -0.191371 0.696779
VERTEX_POSE A100 -0.832672 -0.805508 -0.690068 0.306164 -0.461043 -0.832888 0.804825 0.592637 -0.032205 -0.508449 0.660469 -0.552503
VERTEX_POSE A101 0.378511 -0.344825 -0.012350 0.897458 -0.406306 0.171711 -0.180515 -0.693493 -0.697482 0.402472 0.594964 -0.695725
VERTEX_POSE A102 -0.825203 -0.181867 -0.732969 0.792843 -0.289930 0.536041 0.337324 -0.523776 -0.782222 -0.507555 -0.800999 0.317472
VERTEX_POSE A103 -0.023205 0.219583 0.936718 -0.142976 0.695669 -0.703991 -0.904965 -0.379898 -0.191615 -0.400746 0.609690 0.683872
VERTEX_POSE A104 0.829494 0.684026 0.098514 -0.541329 0.825222 -0.161157 -0.769090 -0.408515 0.491544 -0.339798 -0.390031 -0.855811
VERTEX_POSE A105 0.268156 -0.646676 -0.002086 -0.564145 0.039326 -0.824738 0.798398 -0.228644 -0.557030 0.210478 0.972715 -0.097591
VERTEX_POSE A106 -0.987497 -0.909356 0.352677 0.124009 0.582154 -0.803566 -0.687455 -0.533577 -0.492647 0.715561 -0.613508 -0.334036
VERTEX_POSE A107 -0.513509 0.139910 0.185854 0.294853 0.529511 -0.795412 0.501794 -0.794205 -0.342697 0.813182 0.298088 0.499879
VERTEX_POSE A108 0.645699 -0.714761 -0.596835 -0.799257 -0.600709 0.018353 0.599517 -0.794792 0.094260 -0.042036 0.086341 0.995378
VERTEX_POSE A109 0.095444 -0.008310 0.493891 0.694880 0.710419 -0.111564 -0.655006 0.561222 -0.505961 -0.296833 0.424657 0.855311
VERTEX_POSE A110 -0.040048 -0.671553 -0.373829 0.520084 -0.532889 0.667489 0.558399 -0.379211 -0.737828 -0.646300 -0.756458 -0.100343
VERTEX_POSE A111 -0.488724 0.512619 -0.698711 0.589118 -0.029364 0.807514 0.593843 0.693449 -0.408019 -0.547989 0.719907 0.425961
VERTEX_POSE A112 0.556469 0.293729 -0.688632 -0.260997 -0.755711 -0.600651 0.961838 -0.150631 -0.228424 0.082146 -0.637347 0.766186
VERTEX_POSE A113 -0.251236 -0.045765 0.520620 -0.623883 -0.700145 0.347229 -0.741142 0.671008 0.021362 0.247950 0.244019 0.937537
VERTEX_POSE A114 -0.004785 0.660283 0.317578 0.011012 0.859671 0.510729 0.504155 0.436316 -0.745289 -0.863543 0.265694 -0.428603
VERTEX_POSE A115 -0.704208 0.612814 0.509671 0.083427 -0.474071 -0.876525 -0.658215 0.634191 -0.405652 -0.748193 -0.610785 0.259132
VERTEX_POSE A116 -0.932297 0.029032 -0.863606 -0.825427 0.165798 0.539612 0.259672 0.960278 0.102162 0.501239 -0.224449 0.835693
VERTEX_POSE A117 0.808901 0.053655 0.729008 -0.770014 0.224603 0.597187 0.442713 -0.485913 0.753588 -0.459439 -0.844655 -0.274725
VERTEX_POSE A118 0.097268 -0.812809 -0.859897 -0.709954 0.000016 0.704249 0.468910 0.746114 0.472691 -0.525443 0.665818 -0.529714
VERTEX_POSE A119 0.332606 -0.581566 -0.534934 -0.073971 -0.463464 0.883023 -0.546061 0.759737 0.353012 0.834473 0.456072 0.309278
VERTEX_POSE A120 -0.088427 0.706357 -0.937225 0.834660 -0.546896 -0.065173 0.469582 0.768466 -0.434686 -0.287811 -0.332211 -0.898221
VERTEX_POSE A121 -0.543505 -0.620784 0.536341 -0.650257 0.577093 -0.494094 0.365375 -0.332657 -0.869391 -0.666083 -0.745858 0.005457
VERTEX_POSE A122 -0.799910 -0.996999 -0.505526 -0.125063 0.943035 0.308292 0.914840 -0.010644 0.403677 0.383963 0.332523 -0.861395
VERTEX_POSE A123 -0.177485 0.565089 -0.296209 -0.338655 -0.856249 0.390065 -0.285073 -0.301704 -0.909785 0.896686 -0.419300 -0.141920
VERTEX_POSE A124 -0.085365 -0.161344 0.297951 0.062995 0.313235 0.947584 -0.542851 -0.785974 0.295901 0.837463 -0.533037 0.120528
VERTEX_POSE A125 -0.451172 0.400578 -0.806712 0.704926 -0.622991 -0.339058 -0.706733 -0.657423 -0.261389 -0.060061 0.423883 -0.903723
VERTEX_POSE A126 0.324983 -0.894880 0.228340 0.780100 -0.438681 -0.446098 -0.133238 0.580173 -0.803521 -0.611304 -0.686264 -0.394144
VERTEX_POSE A127 -0.925364 0.420057 -0.974692 0.971935 -0.234736 0.015514 -0.226306 -0.950964 -0.210841 -0.064245 -0.201413 0.977397
VERTEX_POSE A128 0.072805 0.343866 0.718323 0.078281 -0.109858 0.990860 -0.221519 -0.970980 -0.090153 0.972009 -0.212437 -0.100345
VERTEX_POSE A129 0.372865 0.769570 0.742696 0.150777 -0.835946 -0.527694 -0.398204 0.437217 -0.806396 -0.904820 -0.331716 0.266954
VERTEX_POSE A130 0.673065 -0.967389 0.659910 -0.535012 0.757713 0.373676 -0.499423 0.073095 -0.863269 0.681424 0.648482 -0.339312
VERTEX_POSE A131 0.240132 0.538358 -0.971744 -0.209154 -0.699594 -0.683244 -0.469188 -0.541228 0.697807 0.857973 -0.466519 0.215041
VERTEX_POSE A132 -0.248623 -0.575254 -0.269654 0.574149 0.403710 -0.712299 -0.116469 -0.820864 -0.559122 0.810424 -0.403980 0.424279
VERTEX_POSE A133 0.847862 -0.149256 0.926941 -0.978134 -0.207972 -0.001061 -0.112290 0.523814 0.844399 0.175055 -0.826055 0.535714
VERTEX_POSE A134 -0.783073 -0.242058 0.964974 -0.569239 0.724663 0.388369 0.526243 0.684070 -0.505091 -0.631692 -0.083141 -0.770748
VERTEX_POSE A135 -0.419129 -0.891228 0.828860 0.782213 0.005595 0.622986 0.218473 0.933997 -0.282699 0.583449 -0.357236 -0.729363
VERTEX_POSE A136 0.116017 0.204067 -0.075144 0.998095 -0.054817 0.028314 -0.003315 0.410608 0.911806 0.061608 0.910163 -0.409644
VERTEX_POSE A137 -0.770569 -0.151414 0.317651 -0.988543 0.140894 -0.054142 -0.064702 -0.719628 -0.691339 -0.136367 -0.679915 0.720499
VERTEX_POSE A138 0.067362 0.248682 0.014714 0.038619 -0.335664 -0.941190 -0.834476 0.507302 -0.215164 -0.549690 -0.793709 0.260512
VERTEX_POSE A139 -0.238283 0.489307 0.328021 -0.657084 -0.180463 -0.731897 0.498787 0.623896 -0.601635 0.565201 -0.760386 -0.319939
VERTEX_POSE A140 0.324875 0.840276 -0.188458 0.232010 0.051518 0.971348 0.038369 0.997335 -0.062061 -0.971956 0.051668 0.229415
VERTEX_POSE A141 -0.972687 0.577129 0.640885 -0.910311 -0.405567 0.082763 0.072204 -0.352469 -0.933034 0.407579 -0.843375 0.350140
VERTEX_POSE A142 0.272993 0.001926 0.629309 0.221357 0.960192 0.170391 -0.973141 0.228821 -0.025238 0.063222 0.160227 -0.985053
VERTEX_POSE A143 -0.118656 0.134005 0.122909 -0.379981 -0.861122 0.337763 -0.088924 0.397467 0.913298 -0.920710 0.317000 -0.227604
VERTEX_POSE A144 -0.223922 -0.468636 0.161506 -0.359654 -0.932126 0.042303 0.515727 -0.160798 0.841528 -0.777608 0.324475 0.538555
VERTEX_POSE A145 -0.731792 -0.337791 -0.053113 -0.549479 0.572640 0.608405 0.682062 -0.113138 0.722489 0.482560 0.811963 -0.328409
VERTEX_POSE A146 0.177136 -0.253181 -0.367420 0.394281 0.913294 -0.102160 0.918064 -0.386452 0.088392 0.041248 -0.128641 -0.990833
VERTEX_POSE A147 -0.156220 0.560396 0.297899 -0.237152 0.121567 -0.963836 0.605736 -0.757155 -0.244540 0.759502 0.641823 -0.105924
VERTEX_POSE A148 -0.922892 0.715863 -0.324104 0.675914 -0.308529 -0.669290 -0.734180 -0.360980 -0.575042 -0.064183 0.880059 -0.470508
VERTEX_POSE A149 -0.725596 -0.065990 -0.227317 0.654243 0.677877 0.335334 0.471660 -0.019118 -0.881573 0.591187 -0.734927 0.332235
VERTEX_POSE A150 -0.823614 0.978830 0.762965 0.955257 0.071853 -0.286916 0.275103 -0.572139 0.772642 -0.108639 -0.817003 -0.566307
VERTEX_POSE A151 -0.011319 0.422221 -0.261330 0.758384 0.024482 0.651348 -0.161987 0.975023 0.151958 0.631359 0.220752 -0.743407
VERTEX_POSE A152 -0.269101 0.313226 -0.690976 -0.819123 0.507625 -0.267124 0.572404 0.753629 -0.323104 0.037296 -0.417565 -0.907881
VERTEX_POSE A153 -0.623524 0.981831 -0.742561 -0.375875 -0.556558 0.740920 0.460508 0.581647 0.670536 0.804146 -0.593237 -0.037673
VERTEX_POSE A154 0.811196 -0.012690 0.442462 -0.096076 0.783503 0.613915 0.700571 -0.384907 0.600871 -0.707085 -0.487821 0.511920
VERTEX_POSE A155 0.645534 -0.848119 0.606975 -0.521492 0.842296 -0.136326 0.341291 0.352343 0.871421 0.782027 0.407912 -0.471212
VERTEX_POSE A156 -0.074696 0.382408 -0.549272 0.353694 0.765848 0.537007 -0.531815 0.636945 -0.558099 -0.769463 -0.088192 0.632573
VERTEX_POSE A157 0.136178 0.092430 -0.329198 0.688591 -0.633110 -0.353572 0.725139 0.598517 0.340517 -0.003966 -0.490866 0.871226
VERTEX_POSE A158 0.720170 0.571938 0.632283 0.641163 0.513407 0.570371 0.598711 -0.799601 0.046723 0.480058 0.311530 -0.820057
VERTEX_POSE A159 0.998108 -0.273725 -0.830949 -0.720629 0.268706 -0.639133 0.661517 0.542478 -0.517796 -0.207581 0.795936 0.568679
VERTEX_POSE A160 -0.490956 -0.137999 -0.586503 -0.096666 0.961275 0.258080 0.915918 -0.015571 0.401063 -0.389550 -0.275149 0.878945
VERTEX_POSE A161 0.393234 0.604549 0.292193 -0.450763 0.097229 -0.887332 0.716163 -0.553986 -0.424512 -0.532844 -0.826829 0.180085
VERTEX_POSE A162 0.238240 -0.735367 -0.802693 0.874181 -0.165014 -0.456702 -0.150493 0.802125 -0.577882 0.461691 0.573904 0.676369
VERTEX_POSE A163 0.260420 0.286746 0.143843 0.480519 0.775673 0.409187 0.389854 0.229014 -0.891945 -0.785567 0.588119 -0.192354
VERTEX_POSE A164 0.241096 -0.544707 0.219135 -0.739784 0.285477 -0.609280 0.545377 0.784751 -0.294499 -0.394060 0.550153 0.736239
VERTEX_POSE A165 0.455168 0.022575 -0.837720 0.284243 0.186454 -0.940447 0.721212 -0.687891 0.081599 0.631711 0.701456 0.330001
VERTEX_POSE A166 0.841291 0.395518 -0.027297 -0.468851 0.550742 -0.690552 0.833800 0.533952 -0.140262 -0.291474 0.641544 0.709552
VERTEX_POSE A167 -0.642887 0.659360 -0.856010 -0.861267 0.443989 0.247168 0.076685 0.594398 -0.800507 -0.502332 -0.670496 -0.545983
VERTEX_POSE A168 0.684598 0.871161 0.479931 -0.379278 0.587961 -0.714458 0.913293 0.361784 -0.187104 0.148469 -0.723474 -0.674198
VERTEX_POSE A169 -0.091347 -0.355800 0.987418 -0.586047 0.637461 0.500192 -0.090591 0.561892 -0.822235 0.805197 0.527182 0.271547
VERTEX_POSE A170 0.118830 0.148667 0.472011 -0.971072 0.235564 0.039093 0.154327 0.494206 0.855537 0.182213 0.836821 -0.516264
VERTEX_POSE A171 0.009473 0.711436 -0.708528 0.573724 0.261490 -0.776185 -0.666970 -0.400880 -0.628050 -0.475386 0.878020 -0.055588
VERTEX_POSE A172 -0.064034 -0.778671 0.628303 0.698865 0.377093 -0.607773 -0.610906 0.756637 -0.233011 -0.371997 -0.534135 -0.759156
VERTEX_POSE A173 -0.608178 -0.849408 0.101320 0.600880 -0.232126 0.764892 0.022365 -0.951649 -0.306372 -0.799026 -0.201199 0.566636
VERTEX_POSE A174 0.890817 -0.154559 0.414382 -0.999195 -0.016517 0.036552 -0.040100 0.432416 -0.900782 0.000927 0.901523 0.432731
VERTEX_POSE A175 0.712044 -0.247307 -0.210192 -0.039945 -0.251853 -0.966941 -0.755908 0.640482 -0.135595 0.653458 0.725502 -0.215962
VERTEX_POSE A176 -0.339970 -0.187199 -0.951792 0.395703 0.671223 -0.626801 -0.842253 -0.006836 -0.539040 0.366101 -0.741224 -0.562634
VERTEX_POSE A177 0.067953 0.592260 -0.953038 0.398141 0.656191 0.641013 0.724909 0.203149 -0.658208 0.562131 -0.726736 0.394796
VERTEX_POSE A178 -0.444176 -0.686910 -0.912292 -0.774064 -0.179965 0.606991 0.578169 0.189712 0.793555 0.257966 -0.965206 0.042799
VERTEX_POSE A179 -0.262861 -0.471336 -0.275897 -0.723442 0.296723 0.623367 -0.624469 0.103786 -0.774123 0.294397 0.949307 -0.110212
VERTEX_POSE A180 0.342357 -0.473730 -0.180355 0.906758 0.264453 -0.328412 -0.165547 0.939612 0.299540 0.387794 -0.217242 0.895780
VERTEX_POSE A181 -0.267790 -0.708081 0.850673 0.645025 -0.379637 -0.663188 -0.246545 0.718065 -0.650844 0.723296 0.583317 0.369572
VERTEX_POSE A182 0.725819 0.950885 0.462774 0.324920 -0.709346 -0.625504 0.698596 -0.265800 0.664315 0.637488 0.652823 -0.409183
VERTEX_POSE A183 -0.926744 0.839496 0.128669 -0.767835 -0.365823 -0.525931 0.628671 -0.588251 -0.508659 -0.123300 -0.721203 0.681662
VERTEX_POSE A184 0.108686 -0.726250 -0.891888 -0.545370 -0.120110 -0.829545 -0.549739 0.798347 0.245824 -0.632739 -0.590099 0.501423
VERTEX_POSE A185 0.537015 -0.061805 -0.094765 0.811548 0.546524 -0.206642 -0.413009 0.786744 0.458756 0.413295 -0.286958 0.864200
VERTEX_POSE A186 0.718790 0.991377 -0.264356 -0.793562 -0.573356 -0.203772 0.110681 -0.465306 0.878203 -0.598339 0.674354 0.432709
VERTEX_POSE A187 -0.966010 0.656159 -0.441160 -0.634067 -0.768534 -0.085521 -0.772852 0.626162 0.103057 -0.025653 0.131441 -0.990992
VERTEX_POSE A188 -0.326807 -0.969375 0.576037 -0.258913 -0.764394 0.590480 -0.599498 0.606499 0.522265 -0.757341 -0.218771 -0.615283
VERTEX_POSE A189 0.438960 0.563315 -0.632073 -0.527707 0.162078 -0.833820 -0.550228 -0.813068 0.190183 0.647129 -0.559151 -0.518242
VERTEX_POSE A190 -0.967902 -0.617566 -0.272110 0.978808 0.102441 -0.177314 -0.156240 -0.186148 -0.970020 -0.132376 0.977167 -0.166198
VERTEX_POSE A191 0.182237 -0.107374 0.989534 -0.443346 0.416598 0.793656 -0.364200 0.725325 -0.584176 -0.819025 -0.548042 -0.169845
VERTEX_POSE A192 -0.167806 0.167864 0.660120 -0.035347 0.732981 -0.679331 -0.760596 0.421205 0.494045 -0.648263 -0.534159 -0.542614
VERTEX_POSE A193 0.270338 -0.352933 -0.074803 0.245944 0.592276 -0.767282 0.590374 -0.719355 -0.366042 -0.768746 -0.362957 -0.526585
VERTEX_POSE A194 -0.557343 -0.820628 0.133378 0.384979 0.784405 -0.486312 0.858898 -0.497339 -0.122261 0.337764 0.370625 0.865189
VERTEX_POSE A195 -0.926710 0.623157 -0.120745 0.948825 0.041533 -0.313061 -0.015214 0.996175 0.086047 0.315437 -0.076881 0.945827
VERTEX_POSE A196 -0.274494 0.669642 0.087477 -0.120621 0.991351 0.051709 -0.814162 -0.128596 0.566219 0.567971 0.026198 0.822631
VERTEX_POSE A197 -0.716052 0.574890 -0.893919 0.465006 -0.849808 -0.248185 -0.884720 -0.435853 -0.165233 0.032244 0.296409 -0.954517
VERTEX_POSE A198 -0.569597 0.282517 0.023245 -0.577039 0.279907 0.767254 0.806092 0.346233 0.479936 -0.131311 0.895419 -0.425421
VERTEX_POSE A199 -0.589896 0.540802 -0.432592 0.390092 0.112785 -0.913842 -0.434935 0.897340 -0.074913 0.811578 0.426685 0.399100
VERTEX_POSE A200 0.192601 -0.780910 -0.906502 0.788800 0.038514 0.613442 -0.486626 -0.570561 0.661555 0.375485 -0.820352 -0.431317
VERTEX_POSE A201 0.549233 -0.568817 -0.504744 -0.828129 0.423632 -0.367068 -0.423857 -0.901779 -0.084494 -0.366808 0.085612 0.926349
VERTEX_POSE A202 0.419577 0.252239 -0.141120 -0.685300 -0.533991 -0.495193 0.541158 0.081642 -0.836949 0.487352 -0.841539 0.233025
VERTEX_POSE A203 -0.871433 -0.559581 0.721801 -0.384761 0.459810 0.800334 -0.611736 -0.776336 0.151930 0.691186 -0.431136 0.579986
VERTEX_POSE A204 0.941055 -0.418224 0.596576 0.307330 0.260975 0.915118 0.602855 0.690669 -0.399427 -0.736284 0.674439 0.054933
VERTEX_POSE A205 0.310394 -0.902320 -0.726738 0.914329 0.018349 -0.404556 -0.366149 -0.389355 -0.845185 0.173024 -0.920905 0.349280
VERTEX_POSE A206 0.840611 0.193112 -0.488391 0.843340 0.507312 -0.177237 -0.472153 0.542019 -0.695188 0.256611 -0.669963 -0.696635
VERTEX_POSE A207 -0.398915 0.394577 0.644784 -0.937781 -0.316600 0.142587 -0.186600 0.805820 0.561991 -0.292826 0.500418 -0.814761
VERTEX_POSE A208 -0.621653 0.689940 -0.679776 0.541329 0.632880 -0.553557 0.833745 -0.318859 0.450775 0.108780 -0.705543 -0.700268
VERTEX_POSE A209 -0.603565 0.506202 -0.400683 0.628519 -0.485200 0.607902 -0.777328 -0.418893 0.469350 -0.026917 0.767534 0.640442
VERTEX_POSE A210 0.338224 0.923241 -0.631113 -0.838240 -0.532111 -0.119215 0.536542 -0.765794 -0.354516 -0.097348 0.361133 -0.927419
VERTEX_POSE A211 0.720704 -0.783790 0.139869 0.432717 0.373486 -0.820527 0.843394 0.153839 0.514800 0.318500 -0.914790 -0.248427
VERTEX_POSE A212 0.128646 0.798121 -0.550010 -0.840451 0.399069 -0.366587 -0.538574 -0.540456 0.646410 0.059838 0.740710 0.669155
VERTEX_POSE A213 0.064043 0.874126 0.831661 -0.806702 -0.498536 0.317321 0.249900 -0.774370 -0.581293 0.535520 -0.389632 0.749270
VERTEX_POSE A214 0.793960 -0.944295 -0.731462 -0.759933 0.631567 -0.153707 -0.536782 -0.743122 -0.399544 -0.366561 -0.221119 0.903736
VERTEX_POSE A215 -0.762668 -0.928128 -0.441898 -0.169120 0.566465 0.806545 0.084060 -0.807061 0.584454 -0.982004 -0.166641 -0.088873
VERTEX_POSE A216 -0.398942 -0.187679 -0.263103 -0.460424 0.426208 0.778688 -0.327264 0.733913 -0.595206 0.825171 0.528884 0.198429
VERTEX_POSE A217 0.512750 -0.952918 0.004182 0.577782 0.731362 0.362323 0.814846 -0.542352 -0.204646 -0.046836 -0.413478 0.909309
VERTEX_POSE A218 -0.728678 0.728031 0.116942 -0.745926 0.656821 -0.110364 0.578123 0.720803 0.382383 0.330708 0.221426 -0.917389
VERTEX_POSE A219 0.274252 -0.157054 -0.687066 -0.747758 0.449177 0.488977 -0.117326 -0.814241 0.568548 -0.653523 -0.367767 -0.661555
VERTEX_POSE A220 -0.048290 0.610398 0.372108 -0.476212 -0.252904 -0.842176 0.857114 0.080423 -0.508810 -0.196411 0.964143 -0.178469
VERTEX_POSE A221 -0.696580 -0.889536 0.844832 0.708510 -0.572324 0.412867 -0.689582 -0.437151 0.577387 -0.149967 -0.693790 -0.704390
VERTEX_POSE A222 -0.543512 0.735572 -0.697532 -0.334217 0.148654 0.930699 -0.533357 0.784325 -0.316805 0.777065 0.602276 0.182849
VERTEX_POSE A223 0.783904 -0.221738 0.032228 0.568738 0.439347 -0.695350 -0.821934 0.335448 -0.460325 -0.031011 -0.833336 -0.551896
VERTEX_POSE A224 0.573758 -0.242469 -0.229971 0.256889 0.299467 -0.918873 -0.917700 0.373719 -0.134763 0.303044 0.877869 0.370825
VERTEX_POSE A225 -0.100855 0.914944 0.435846 0.857204 -0.290298 0.425358 -0.511201 -0.579522 0.634688 -0.062256 0.761500 0.645168
VERTEX_POSE A226 0.857194 -0.598582 0.911483 0.711405 0.012355 -0.702674 0.699364 -0.110935 0.706104 0.069227 0.993751 0.087560
VERTEX_POSE A227 -0.700736 -0.572828 0.857506 -0.455138 0.751516 -0.477570 -0.002626 0.535207 0.844717 -0.890417 -0.385717 0.241620
VERTEX_POSE A228 0.183094 0.489834 0.541926 0.295420 -0.819879 -0.490434 0.047574 -0.500085 0.864669 -0.954182 -0.278773 -0.108730
VERTEX_POSE A229 -0.712403 0.683935 -0.065272 -0.614084 -0.414692 0.671514 -0.579144 0.814796 -0.026439 -0.536183 -0.405139 -0.740520
VERTEX_POSE A230 -0.290631 0.967975 -0.575086 0.913889 0.399730 -0.070870 -0.404062 0.912519 -0.063582 0.039255 0.086743 0.995457
VERTEX_POSE A231 -0.624305 0.708924 0.635425 0.882799 -0.294131 0.366269 -0.464543 -0.430838 0.773678 -0.069760 -0.853150 -0.516980
VERTEX_POSE A232 0.836830 -0.884881 0.429984 0.162538 0.743634 -0.648529 -0.901987 0.378432 0.207867 0.400001 0.551178 0.732258
VERTEX_POSE A233 -0.871054 0.220214 0.283794 -0.550950 0.546499 0.630709 -0.119193 0.696479 -0.707608 -0.825983 -0.465033 -0.318586
VERTEX_POSE A234 -0.495738 -0.850657 0.357226 0.201222 -0.597400 -0.776288 0.737844 -0.428813 0.521255 0.644280 0.677667 -0.354501
VERTEX_POSE A235 0.777885 -0.303106 0.026561 0.695423 -0.717822 -0.033436 0.093782 0.136791 -0.986151 -0.712454 -0.682656 -0.162447
VERTEX_POSE A236 0.439339 0.317894 0.557056 -0.174084 -0.982797 -0.061678 -0.706356 0.080986 0.703209 -0.686117 0.165983 -0.708303
VERTEX_POSE A237 -0.655127 0.342456 0.868835 0.384194 0.399548 0.832320 -0.860560 -0.171561 0.479586 -0.334412 0.900516 -0.277922
VERTEX_POSE A238 -0.621030 -0.908529 -0.328655 -0.691564 0.066245 0.719271 0.482402 -0.698796 0.528178 0.537613 0.712247 0.451306
VERTEX_POSE A239 0.817686 0.007834 0.877280 -0.971422 0.107516 -0.211613 -0.171799 0.296690 0.939394 -0.163784 -0.948902 0.269740
VERTEX_POSE A240 -0.258692 -0.151342 -0.531847 -0.974896 0.199480 0.098920 0.102148 0.005933 0.994751 0.197846 0.979884 -0.026161
VERTEX_POSE A241 0.717194 -0.985288 0.040232 -0.314195 -0.130961 -0.940282 0.615759 0.725737 -0.306835 0.722581 -0.675393 -0.147382
VERTEX_POSE A242 0.538389 0.224044 0.017149 -0.468949 0.037034 0.882449 0.777726 -0.456217 0.432444 0.418603 0.889097 0.185140
VERTEX_POSE A243 0.869954 -0.353221 -0.081857 0.142521 0.900903 0.409952 -0.986793 0.161547 -0.011951 -0.076993 -0.402834 0.912029
VERTEX_POSE A244 -0.218762 0.888838 -0.128107 -0.418214 -0.135456 0.898192 0.545127 -0.828386 0.128892 0.726591 0.543533 0.420283
VERTEX_POSE A245 0.332349 0.279749 0.285687 -0.367429 -0.864198 -0.343741 -0.689660 0.005199 0.724115 0.623992 -0.503125 0.597913
VERTEX_POSE A246 -0.892714 -0.281349 0.476244 0.809678 0.554205 0.193077 -0.322567 0.695096 -0.642489 -0.490278 0.457929 0.741572
VERTEX_POSE A247 0.382296 -0.298841 0.608790 0.673927 0.049070 0.737166 -0.306283 0.926565 0.218330 -0.672319 -0.372921 0.639467
VERTEX_POSE A248 -0.154901 0.326831 -0.710131 0.770260 -0.106348 -0.628800 0.530981 0.653051 0.539984 0.353213 -0.749809 0.559488
VERTEX_POSE A249 -0.621392 -0.553318 -0.406814 0.542851 0.790721 0.282973 0.421932 -0.548112 0.722182 -0.726145 0.272641 0.631174
VERTEX_POSE A250 -0.343452 0.544105 0.921724 0.367516 -0.928720 -0.049108 0.807750 0.292582 0.511796 -0.460947 -0.227760 0.857702
VERTEX_POSE A251 0.796809 -0.062771 0.661977 0.652290 0.144553 0.744058 0.513191 -0.806646 -0.293184 0.557811 0.573085 -0.600350
VERTEX_POSE A252 -0.317972 -0.442854 -0.561982 0.612459 0.545888 -0.571751 -0.071350 0.758498 0.647757 -0.787276 0.355930 -0.503498
VERTEX_POSE A253 0.113036 0.279677 -0.775808 0.440577 -0.131984 -0.887960 -0.541022 0.750285 -0.379958 -0.716371 -0.647806 -0.259152
VERTEX_POSE A254 0.580713 0.715491 -0.305795 -0.849843 0.080664 0.520827 0.516491 0.324157 0.792565 -0.104899 0.942558 -0.317145
VERTEX_POSE A255 -0.744214 0.314677 0.208047 -0.311378 -0.739622 -0.596660 -0.691805 0.606888 -0.391270 0.651498 0.290939 -0.700646
VERTEX_POSE A256 -0.987819 0.194622 0.660037 -0.113857 0.719307 -0.685299 -0.983218 -0.180550 -0.026156 -0.142545 0.670820 0.727792
VERTEX_POSE A257 0.437907 -0.883091 -0.394312 0.472155 0.833437 -0.287147 -0.725072 0.181922 -0.664210 0.501338 -0.521812 -0.690197
VERTEX_POSE A258 -0.444950 0.741849 0.065553 -0.510547 -0.572397 -0.641641 0.179000 -0.800628 0.571799 -0.841012 0.177077 0.511217
VERTEX_POSE A259 0.195275 -0.315544 0.201964 -0.112366 -0.759932 -0.640217 0.041353 0.640162 -0.767126 -0.992806 0.112673 0.040507
VERTEX_POSE A260 0.725504 0.800844 0.540416 -0.495555 0.339798 -0.799351 -0.380190 0.742595 0.551369 -0.780949 -0.577139 0.238809
VERTEX_POSE A261 0.264419 0.709824 0.490467 0.976156 0.176452 -0.126433 0.214184 -0.877624 0.428837 0.035291 0.445691 0.894491
VERTEX_POSE A262 0.570970 -0.606619 -0.162611 0.466919 -0.207420 0.859630 -0.525901 0.716380 0.458505 0.710925 0.666165 -0.225409
VERTEX_POSE A263 0.562334 0.915963 -0.029600 -0.019959 0.744331 -0.667512 0.537763 -0.554851 -0.634784 0.842860 0.371633 0.389200
VERTEX_POSE A264 0.393365 -0.069963 -0.225739 -0.756983 -0.571154 -0.317427 0.106808 -0.587402 0.802216 -0.644646 0.573361 0.505657
VERTEX_POSE A265 -0.924768 -0.457276 -0.805385 -0.145971 -0.886861 0.438372 0.945684 -0.255197 -0.201385 0.290472 0.385165 0.875942
VERTEX_POSE A266 0.340219 -0.387143 0.996961 -0.771066 0.597889 0.219056 -0.009255 -0.354506 0.935008 -0.636688 -0.718926 -0.278881
VERTEX_POSE A267 -0.167296 -0.752069 -0.668683 -0.250738 -0.842980 0.475937 0.286267 -0.534221 -0.795399 0.924760 -0.063191 0.375267
VERTEX_POSE A268 -0.579895 0.885180 -0.936550 0.688225 -0.082832 -0.720753 0.325367 -0.852711 0.408680 -0.648446 -0.515773 -0.559907
VERTEX_POSE A269 0.719189 -0.295672 -0.331694 -0.677912 -0.237790 -0.695623 -0.387572 -0.688452 0.613043 0.624678 -0.685193 -0.374550
VERTEX_POSE A270 -0.349610 0.255765 -0.791402 0.279156 0.365271 -0.888059 -0.862153 0.502550 -0.064307 -0.422805 -0.783594 -0.455210
VERTEX_POSE A271 0.161414 -0.266162 -0.468397 0.395406 0.583870 0.709049 0.870732 -0.483996 -0.087020 -0.292368 -0.651800 0.699770
VERTEX_POSE A272 0.436383 -0.280960 0.708538 0.359036 0.159302 0.919628 0.650945 0.663379 -0.369052 -0.668852 0.731130 0.134480
VERTEX_POSE A273 -0.811221 -0.520191 0.225747 -0.378966 0.724128 0.576215 -0.925113 -0.280657 -0.255729 0.023462 0.629977 -0.776260
VERTEX_POSE A274 0.031368 0.380617 0.449745 -0.800976 -0.539856 0.258829 -0.106361 0.553757 0.825858 0.589172 -0.633963 0.500966
VERTEX_POSE A275 -0.782379 -0.392123 -0.419569 0.744040 0.256162 -0.617078 -0.382043 -0.594584 -0.707470 -0.548131 0.762136 -0.344529
VERTEX_POSE A276 0.521129 0.759558 -0.488566 0.115381 0.770669 0.626703 0.990759 -0.044000 -0.128299 -0.071301 0.635715 -0.768624
VERTEX_POSE A277 0.138653 -0.900731 -0.074010 -0.701028 -0.670668 0.242414 0.662955 -0.487637 0.568067 -0.262774 0.558941 0.786470
VERTEX_POSE A278 0.599917 0.309036 -0.810779 0.555264 0.703465 0.443643 -0.829580 0.506316 0.235460 -0.058985 -0.498779 0.864719
VERTEX_POSE A279 -0.633772 0.086389 -0.198697 0.936748 -0.322357 0.136346 0.336703 0.723578 -0.602549 0.095579 0.610345 0.786349
VERTEX_POSE A280 0.517261 -0.454050 0.519176 -0.762725 0.297254 -0.574360 -0.626896 -0.558042 0.543682 0.158906 -0.774744 -0.611981
VERTEX_POSE A281 -0.743535 -0.146859 -0.889055 -0.473056 -0.615430 0.630447 -0.428424 -0.464589 -0.774990 0.769852 -0.636712 -0.043888
VERTEX_POSE A282 -0.836963 -0.976382 -0.536720 0.272159 0.897811 -0.346216 0.937079 -0.165530 0.307380 0.218660 -0.408087 -0.886370
VERTEX_POSE A283 -0.800711 0.103096 0.957194 0.776250 -0.201219 -0.597450 -0.625026 -0.121887 -0.771029 -0.082324 -0.971933 0.220382
VERTEX_POSE A284 0.369501 -0.867182 -0.664863 0.422457 0.762113 -0.490625 0.871108 -0.490932 -0.012516 -0.250402 -0.422100 -0.871281
VERTEX_POSE A285 0.743751 0.739108 0.157485 -0.652817 0.028982 0.756961 -0.134731 -0.987778 -0.078375 -0.745438 0.153151 -0.648743
VERTEX_POSE A286 -0.544925 -0.582227 0.165241 -0.038328 0.501639 0.864227 0.514961 -0.731260 0.447297 -0.856356 -0.462187 0.230297
VERTEX_POSE A287 0.381682 0.327440 0.995174 0.280193 0.944547 0.171240 0.639192 -0.316667 0.700825 -0.716189 0.086911 0.692474
VERTEX_POSE A288 0.181658 0.856017 0.763173 -0.028269 0.593117 0.804620 0.408278 0.741590 -0.532310 0.912420 -0.313460 0.263120
VERTEX_POSE A289 0.010125 -0.840378 -0.769207 0.789724 -0.226013 0.570311 0.376732 -0.555031 -0.741629 0.484158 0.800536 -0.353175
VERTEX_POSE A290 -0.423043 -0.988104 0.197138 0.270427 0.951119 0.149138 0.125141 0.118869 -0.984992 0.954573 -0.285031 0.086879
VERTEX_POSE A291 -0.092838 0.656861 0.303589 -0.511682 0.727595 0.456932 -0.553947 -0.685908 0.471884 0.656753 -0.011661 0.754015
VERTEX_POSE A292 -0.725456 0.869446 0.721260 -0.001827 0.817651 -0.575711 -0.479434 0.504515 0.718058 -0.877576 -0.277327 -0.391088
VERTEX_POSE A293 -0.852073 -0.594723 -0.965473 0.658544 -0.044677 -0.751215 0.050732 -0.993330 0.103549 -0.750830 -0.106302 -0.651885
VERTEX_POSE A294 -0.530504 0.572824 -0.726010 -0.517261 0.051859 -0.854255 0.520684 -0.773104 -0.362213 -0.679212 -0.632156 0.372895
VERTEX_POSE A295 0.667909 -0.200517 -0.504479 -0.136400 -0.759921 0.635543 -0.692853 0.531712 0.487070 -0.708061 -0.373902 -0.599039
VERTEX_POSE A296 -0.776840 -0.051999 -0.770858 -0.982319 -0.185338 0.026441 0.122888 -0.531783 0.837917 0.141237 -0.826351 -0.545157
VERTEX_POSE A297 0.809715 -0.814319 -0.729049 0.484118 -0.460590 -0.743967 0.440627 -0.606245 0.662054 -0.755961 -0.648324 -0.090545
VERTEX_POSE A298 -0.499387 0.047414 -0.173162 -0.064641 -0.666480 0.742715 -0.629332 0.604831 0.487976 -0.774443 -0.435872 -0.458534
VERTEX_POSE A299 -0.356735 -0.166819 -0.707408 0.307475 0.939422 0.151477 0.937853 -0.272264 -0.215182 0.160905 -0.208226 0.964755
VERTEX_POSE A300 0.528904 -0.109991 -0.060744 -0.070192 -0.558731 -0.826373 -0.984245 0.173558 -0.033746 0.162279 0.810985 -0.562111
VERTEX_POSE A301 0.151003 -0.696821 0.035436 0.703706 0.525111 -0.478599 -0.345020 0.841423 0.415896 -0.621095 0.127542 -0.773288
VERTEX_POSE A302 0.804679 0.567019 -0.175806 0.162968 -0.063653 0.984576 -0.204806 0.973997 0.096869 0.965140 0.217433 -0.145693
VERTEX_POSE A303 -0.034713 0.609049 -0.352206 -0.988502 -0.081925 0.127094 -0.123814 0.921027 -0.369296 -0.086803 -0.380786 -0.920580
VERTEX_POSE A304 0.339783 -0.217012 -0.738817 -0.414202 -0.205154 -0.886763 -0.782531 0.577841 0.231832 -0.464847 -0.789944 0.399882
