VERTEX_POSE A0 0.494422 0.686948 -0.839489 0.511968 -0.823137 0.245630 -0.472550 -0.031089 0.880755 -0.717346 -0.566991 -0.404890
VERTEX_POSE A1 -0.136388 0.098077 -0.955967 -0.410800 -0.194288 0.890784 -0.870701 0.373384 -0.320100 -0.270413 -0.907103 -0.322553
VERTEX_POSE A2 0.062819 -0.624196 -0.991311 -0.352840 -0.446839 0.822094 0.911170 0.035709 0.410480 0.212775 -0.893901 -0.394547
VERTEX_POSE A3 -0.464018 0.075641 -0.860541 0.900239 0.205990 -0.383585 -0.307816 -0.321962 -0.895315 -0.307926 0.924072 -0.226436
VERTEX_POSE A4 -0.789564 0.624258 0.505607 -0.115579 0.968679 -0.219778 0.864285 0.207123 0.458379 -0.489543 0.136972 0.861154
VERTEX_POSE A5 -0.509976 -0.001014 0.939482 -0.344858 0.833122 -0.432412 0.580309 0.551318 0.599408 0.737776 -0.044222 -0.673595
VERTEX_POSE A6 -0.196581 -0.558487 0.504691 0.617652 0.357468 -0.700516 0.770769 -0.452141 0.448870 0.156275 0.817181 0.554791
VERTEX_POSE A7 0.809672 -0.410655 0.055362 -0.741215 -0.093773 -0.664686 0.313391 -0.923999 -0.219116 -0.593622 -0.370718 0.714269
VERTEX_POSE A8 0.179697 0.436444 -0.499484 0.159781 -0.976263 0.146219 -0.803303 -0.042499 0.594052 -0.573737 -0.212376 -0.791026
VERTEX_POSE A9 -0.142764 -0.095191 -0.247373 0.036453 0.964527 0.261456 -0.997660 0.050266 -0.046339 0.057838 0.259156 -0.964102
VERTEX_POSE A10 0.085816 0.964921 0.589999 -0.427802 0.580840 -0.692539 -0.307945 0.626692 0.715840 -0.849797 -0.519502 0.089233
VERTEX_POSE A11 0.760775 -0.021414 -0.839792 0.254978 0.426678 0.867717 0.907560 0.204042 -0.367018 -0.333649 0.881086 -0.335210
VERTEX_POSE A12 0.383314 -0.434423 -0.492145 -0.216365 -0.860539 0.461149 -0.347633 0.509286 0.787261 0.912325 -0.010026 0.409343
VERTEX_POSE A13 -0.906569 -0.328848 0.158734 -0.459283 -0.870742 -0.175692 -0.835272 0.490647 -0.248167 -0.302292 -0.032772 0.952652
VERTEX_POSE A14 -0.235669 -0.601663 -0.312542 -0.994266 -0.106373 -0.010921 0.007583 0.031727 -0.999468 0.106663 -0.993820 -0.030739
VERTEX_POSE A15 -0.512392 0.316856 -0.144837 -0.307960 0.897443 -0.315842 -0.937245 -0.229124 0.262819 -0.163498 -0.376959 -0.911685
VERTEX_POSE A16 0.105509 0.847931 -0.972349 0.723317 -0.263879 0.638107 -0.603985 -0.689677 0.399433 0.334686 -0.674324 -0.658235
VERTEX_POSE A17 -0.729793 -0.439052 0.256797 -0.469874 0.876540 0.104382 0.584834 0.397693 -0.706972 -0.661201 -0.271142 -0.699496
VERTEX_POSE A18 0.489903 -0.594065 0.244708 -0.567516 -0.398557 -0.720471 -0.253442 -0.747989 0.613416 -0.783386 0.530721 0.323485
VERTEX_POSE A19 -0.189833 -0.855020 0.340279 -0.576588 -0.812283 -0.087990 0.672701 -0.410848 -0.615368 -0.463703 0.414005 -0.783313
VERTEX_POSE A20 -0.128827 0.183642 -0.478498 0.592630 -0.519486 0.615568 0.205251 0.836397 0.508244 -0.778885 -0.174855 0.602299
VERTEX_POSE A21 0.594299 0.951510 0.603550 0.687592 0.689927 0.226312 0.130043 0.189630 -0.973206 0.714357 -0.698599 -0.040668
VERTEX_POSE A22 0.268878 0.060582 0.471082 0.547996 -0.228899 0.804553 0.735674 0.589642 -0.333326 -0.398100 0.774550 0.491516
VERTEX_POSE A23 0.926037 0.039059 -0.523827 -0.063421 -0.729145 -0.681414 0.592789 -0.576810 0.562042 -0.802857 -0.368290 0.468811
VERTEX_POSE A24 0.943031 -0.127453 0.975207 -0.111494 -0.982847 -0.146906 0.196309 -0.166698 0.966269 -0.974183 0.078895 0.211527
VERTEX_POSE A25 0.455734 0.999889 0.653984 0.956055 0.226485 -0.186183 0.206476 -0.069267 0.975997 0.208152 -0.971549 -0.112987
VERTEX_POSE A26 0.766146 -0.297468 -0.040746 0.835454 -0.306997 0.455818 -0.423120 0.169960 0.889991 0.350695 0.936412 -0.012097
VERTEX_POSE A27 0.914850 -0.763530 0.718302 0.869996 -0.024567 0.492447 -0.433719 -0.513164 0.740642 0.234511 -0.857939 -0.457106
VERTEX_POSE A28 -0.324494 0.126338 -0.357358 -0.313137 -0.677873 0.665156 -0.583548 0.689904 0.428375 -0.749278 -0.254010 -0.611606
VERTEX_POSE A29 -0.678263 -0.369912 0.190974 -0.027124 -0.947838 0.317595 -0.535277 -0.254553 -0.805407 0.844241 -0.191847 -0.500452
VERTEX_POSE A30 -0.476292 0.707437 -0.578612 -0.313056 -0.681252 -0.661734 -0.748237 -0.252206 0.613623 -0.584925 0.687233 -0.430783
VERTEX_POSE A31 -0.830072 -0.186714 -0.196848 0.778549 0.627581 -0.001861 0.425048 -0.529472 -0.734162 -0.461732 0.570790 -0.678972
VERTEX_POSE A32 0.185349 0.728165 0.235006 0.918429 0.128837 -0.374017 -0.375559 0.580995 -0.722080 -0.124271 -0.803645 -0.581989
VERTEX_POSE A33 0.586527 -0.916758 -0.569923 0.156101 0.987717 0.006864 0.154217 -0.017508 -0.987882 -0.975628 0.155268 -0.155056
VERTEX_POSE A34 -0.294090 0.888927 -0.057389 0.944312 0.243815 -0.220972 -0.199375 0.958192 0.205225 0.261771 -0.149740 0.953443
VERTEX_POSE A35 0.395785 0.352423 -0.259387 -0.593474 -0.323484 -0.736985 0.804840 -0.233363 -0.545687 -0.004536 0.917006 -0.398848
VERTEX_POSE A36 -0.923449 0.082228 -0.630441 0.671909 -0.723032 0.160507 0.483866 0.592608 0.643964 0.560724 0.355021 -0.748030
VERTEX_POSE A37 0.509329 -0.669561 -0.552698 0.384493 -0.649322 -0.656160 0.389322 0.758555 -0.522516 -0.837014 0.054554 -0.544455
VERTEX_POSE A38 0.205457 0.941768 0.795976 -0.974326 -0.015119 -0.224634 0.214054 -0.371456 -0.903438 -0.069782 -0.928327 0.365156
VERTEX_POSE A39 0.256249 -0.481328 -0.129925 0.666366 -0.686297 -0.291466 -0.615975 -0.726968 0.303468 0.420155 0.022685 0.907169
VERTEX_POSE A40 -0.633435 0.235248 0.199929 0.673836 -0.726309 0.135721 -0.299973 -0.436778 -0.848081 -0.675249 -0.530755 0.512189
VERTEX_POSE A41 -0.708728 0.906690 0.385974 0.833181 -0.518156 0.193193 -0.444469 -0.419607 0.791440 -0.329024 -0.745281 -0.579913
VERTEX_POSE A42 0.017024 0.497257 0.030282 0.648075 -0.586696 -0.485578 -0.758592 -0.440919 -0.479717 -0.067348 -0.679248 0.730812
VERTEX_POSE A43 0.749879 0.800825 0.707784 0.383019 0.787665 0.482577 -0.910783 0.234820 0.339610 -0.154180 0.569599 -0.807332
VERTEX_POSE A44 -0.615297 -0.422158 -0.455291 -0.662259 0.189519 -0.724911 0.102406 0.981298 0.162993 0.742244 0.033709 -0.669281
VERTEX_POSE A45 0.781354 0.895595 0.717740 -0.047085 0.641250 0.765886 -0.729258 0.501901 -0.465057 0.682617 0.580426 -0.444005
VERTEX_POSE A46 -0.762512 0.117681 -0.437052 -0.135444 -0.092852 -0.986425 -0.825845 0.560629 0.060623 0.547390 0.822845 -0.152615
VERTEX_POSE A47 0.490212 -0.574227 -0.427640 -0.398088 -0.909764 -0.117711 0.417242 -0.293844 0.859980 0.816967 -0.293234 -0.496567
VERTEX_POSE A48 -0.948438 -0.543458 -0.025463 -0.050753 -0.806649 0.588847 -0.946586 0.226846 0.229164 0.318433 0.545764 0.775076
VERTEX_POSE A49 0.727391 0.523616 0.807656 0.032085 0.746237 -0.664907 -0.681709 -0.470156 -0.560559 0.730920 -0.471258 -0.493631
VERTEX_POSE A50 -0.699621 -0.429248 0.912639 -0.455307 0.647691 -0.610894 -0.845066 -0.098380 0.525532 0.280283 0.755524 0.592135
VERTEX_POSE A51 -0.077266 0.640185 0.496039 0.420253 0.137302 0.896959 -0.906704 0.024629 0.421049 -0.035720 0.990223 -0.134842
VERTEX_POSE A52 0.321690 0.475126 0.411206 -0.805826 -0.026127 0.591576 0.318103 0.823534 0.469682 0.499454 -0.566664 0.655314
VERTEX_POSE A53 0.569257 0.631335 0.383721 -0.184006 -0.667607 -0.721417 -0.982510 0.103604 0.154724 -0.028554 0.737270 -0.674995
VERTEX_POSE A54 -0.151229 -0.320756 0.972212 0.691627 -0.688862 0.217072 0.706137 0.581792 -0.403594 0.151730 0.432419 0.888815
VERTEX_POSE A55 0.264721 -0.652327 0.386412 -0.313004 0.729608 0.608030 -0.587867 0.353990 -0.727395 -0.745950 -0.585118 0.318113
VERTEX_POSE A56 0.024991 0.631223 0.037705 -0.997794 0.004365 -0.066246 -0.056036 0.479738 0.875621 -0.035602 -0.877401 0.478435
VERTEX_POSE A57 -0.385083 0.381776 -0.068534 -0.557527 -0.746939 -0.362278 0.196595 0.305187 -0.931779 0.806545 -0.590714 -0.023306
VERTEX_POSE A58 0.179571 -0.415857 0.104714 -0.359212 0.289358 -0.887265 -0.664190 0.588609 0.460859 -0.655605 -0.754859 0.019247
VERTEX_POSE A59 0.700497 -0.242438 0.680346 -0.552242 -0.480257 -0.681456 0.813532 -0.489074 -0.314598 -0.182195 -0.728120 0.660792
VERTEX_POSE A60 -0.063346 -0.988137 -0.877560 0.208245 -0.154139 0.965855 -0.766969 -0.638538 0.063461 -0.606953 0.753996 0.251192
VERTEX_POSE A61 0.703279 -0.708419 0.526102 0.690597 0.720732 -0.060176 0.066448 -0.146081 -0.987039 0.720181 -0.677647 0.148774
VERTEX_POSE A62 0.870425 0.570848 -0.516501 0.347601 -0.486621 -0.801482 -0.674924 0.463515 -0.574136 -0.650886 -0.740509 0.167313
VERTEX_POSE A63 -0.877997 0.740028 0.357446 -0.590566 -0.544287 -0.595805 -0.694734 0.718545 0.032211 0.410581 0.432949 -0.802483
VERTEX_POSE A64 0.289806 -0.625178 0.956179 0.289795 -0.883267 -0.368590 0.424252 0.463763 -0.777775 0.857921 0.069020 0.509124
VERTEX_POSE A65 -0.423665 0.459775 0.426110 -0.198585 -0.576989 -0.792243 -0.968777 -0.006871 0.247839 -0.148444 0.816723 -0.557609
VERTEX_POSE A66 0.517788 0.092451 -0.901941 -0.792272 -0.046439 -0.608398 -0.387805 0.808127 0.443326 0.471075 0.587175 -0.658265
VERTEX_POSE A67 0.366358 0.457050 -0.674262 0.358486 0.030967 -0.933022 -0.231508 -0.965280 -0.120987 -0.904374 0.259374 -0.338870
VERTEX_POSE A68 -0.914337 0.790214 0.873412 0.766868 -0.435667 0.471284 0.004061 -0.731001 -0.682365 0.641792 0.525197 -0.558811
VERTEX_POSE A69 -0.276755 0.034220 0.894035 -0.768997 0.423062 0.479230 -0.050103 -0.787256 0.614587 -0.637285 -0.448605 -0.626595
VERTEX_POSE A70 -0.377394 0.975722 0.195812 -0.003371 -0.645960 -0.763364 -0.626266 -0.593763 0.505209 -0.779602 0.479771 -0.402541
VERTEX_POSE A71 -0.547772 0.025462 0.073341 -0.620159 -0.290674 -0.728637 -0.643925 0.719129 0.261178 0.448067 0.631159 -0.633147
VERTEX_POSE A72 0.014517 -0.059091 0.280009 0.786857 -0.119291 -0.605496 0.273697 -0.811918 0.515635 -0.553124 -0.571453 -0.606213
VERTEX_POSE A73 0.639630 0.472979 -0.773905 0.412016 0.893381 -0.179200 -0.608068 0.416056 0.676130 0.678599 -0.169611 0.714658
VERTEX_POSE A74 -0.797892 -0.173713 -0.218875 -0.527141 0.236344 0.816250 0.338145 -0.822883 0.456642 0.779602 0.516725 0.353857
VERTEX_POSE A75 0.399220 0.518751 0.824718 -0.255336 -0.832159 -0.492255 0.571042 -0.540641 0.617753 0.780202 0.123363 -0.613243
VERTEX_POSE A76 0.420984 0.368574 0.943835 0.496488 -0.754810 0.428673 0.826452 0.260007 -0.499372 0.265473 0.602211 0.752905
VERTEX_POSE A77 -0.560405 0.943968 0.344072 0.311281 0.225605 -0.923150 -0.568713 0.822484 0.009237 0.761360 0.522132 0.384328
VERTEX_POSE A78 -0.110567 0.944524 -0.602923 0.643827 -0.160336 0.748184 -0.150343 -0.985247 -0.081765 0.750256 -0.059842 -0.658434
VERTEX_POSE A79 0.472546 0.825116 -0.081628 -0.781372 0.624032 0.006474 0.207682 0.250236 0.945648 -0.588495 -0.740247 0.325128
VERTEX_POSE A80 -0.833014 0.467584 0.151728 -0.165786 -0.771588 0.614139 -0.126825 0.634267 0.762640 0.977973 -0.048547 0.203010
VERTEX_POSE A81 0.189812 -0.484724 -0.690284 -0.565832 -0.122461 0.815376 0.352825 -0.929756 0.105203 0.745217 0.347213 0.569293
VERTEX_POSE A82 -0.604720 0.465301 -0.585589 -0.256167 -0.885038 0.388698 0.725003 -0.441875 -0.528315 -0.639335 -0.146471 -0.754849
VERTEX_POSE A83 0.488676 -0.057290 -0.437066 -0.257817 -0.352468 0.899609 0.882743 0.292603 0.367625 0.392804 -0.888904 -0.235701
VERTEX_POSE A84 -0.240932 -0.853389 0.693437 0.674247 -0.458916 -0.578608 0.725144 0.559769 0.401029 -0.139848 0.689967 -0.710203
VERTEX_POSE A85 0.244052 -0.855455 -0.613377 -0.659072 0.525853 -0.537683 -0.470448 0.269530 0.840257 0.586773 0.806742 0.069747
VERTEX_POSE A86 -0.246603 0.290384 0.949346 -0.251923 -0.257434 0.932879 -0.495482 -0.793727 -0.352839 -0.831284 0.551112 -0.072404
VERTEX_POSE A87 0.784060 0.777834 -0.268858 -0.668012 -0.544771 -0.506936 -0.034384 0.703097 -0.710263 0.743356 -0.457034 -0.488408
VERTEX_POSE A88 0.858969 0.526321 0.318089 -0.420199 0.223195 0.879555 -0.476341 0.770742 -0.423150 -0.772355 -0.596775 -0.217549
VERTEX_POSE A89 0.932969 0.874527 0.054061 -0.983623 0.058375 -0.170523 0.161650 -0.132728 -0.977882 0.079717 0.989432 -0.121118
VERTEX_POSE A90 0.484556 -0.464604 -0.588512 0.534069 0.747724 0.394560 -0.349642 0.620254 -0.702165 -0.769754 0.237050 0.592694
VERTEX_POSE A91 -0.204378 0.538185 0.440529 -0.355017 0.724061 0.591354 -0.701464 0.211836 -0.680495 0.617990 0.656401 -0.432697
VERTEX_POSE A92 0.636248 -0.833892 -0.419837 -0.350163 -0.443084 -0.825265 -0.881093 -0.143208 0.450739 -0.317900 0.884968 -0.340252
VERTEX_POSE A93 0.354981 -0.893756 -0.105013 0.824888 -0.161897 -0.541617 -0.563976 -0.301128 -0.768930 0.038608 -0.939740 0.339703
VERTEX_POSE A94 -0.082375 0.278213 -0.202026 0.578526 -0.019310 -0.815435 0.546762 0.751038 0.370126 0.605275 -0.659977 0.445053
VERTEX_POSE A95 -0.073946 -0.459070 -0.463658 -0.649218 0.090585 0.755189 0.407245 -0.797174 0.445719 -0.642393 -0.596915 -0.480649
VERTEX_POSE A96 0.931316 0.566018 -0.678904 0.345004 0.936026 0.069483 -0.319138 0.047367 0.946524 0.882680 -0.348729 0.315064
VERTEX_POSE A97 -0.564587 -0.629336 -0.103966 -0.453077 -0.744861 0.489799 0.891164 -0.364015 0.270775 0.023395 -0.559174 -0.828720
VERTEX_POSE A98 -0.707588 0.997981 -0.137920 -0.401722 0.221815 -0.888492 -0.614317 0.654255 0.441094 -0.679142 -0.723013 0.126564
VERTEX_POSE A99 -0.983021 0.356233 -0.805492 -0.982114 0.185781 0.030627 0.102390 0.663461 -0.741172 -0.158015 -0.724780 -0.670616
VERTEX_POSE A100 0.158658 0.404884 -0.209932 0.416039 0.872842 0.255066 0.200695 0.185442 -0.961942 0.886923 -0.451396 0.098024
VERTEX_POSE A101 -0.084982 0.973703 -0.942108 -0.047316 -0.650020 -0.758442 0.761543 -0.514821 0.393716 0.646385 0.558957 -0.519378
VERTEX_POSE A102 -0.530792 -0.618305 0.267849 -0.225608 -0.596404 -0.770327 0.810630 0.323647 -0.487986 0.540351 -0.734544 0.410445
VERTEX_POSE A103 -0.826824 -0.654207 -0.929923 -0.767483 -0.530529 0.359873 -0.523773 0.842612 0.125164 0.369637 0.092431 0.924568
VERTEX_POSE A104 -0.445352 0.446682 -0.716013 -0.162699 -0.411640 0.896706 -0.038171 0.910761 0.411166 -0.985937 0.032668 -0.163892
VERTEX_POSE A105 -0.328685 0.207982 -0.951026 0.685514 -0.715947 -0.132255 0.163047 -0.026076 0.986274 0.709568 0.697668 -0.098858
VERTEX_POSE A106 0.572396 0.864544 0.894795 -0.019717 0.775472 -0.631074 -0.456820 0.554470 0.695614 -0.889340 -0.302003 -0.343319
VERTEX_POSE A107 0.975633 -0.184744 -0.772178 0.515531 0.495950 -0.698757 0.458473 0.529275 0.713912 0.723899 -0.688405 0.045479
VERTEX_POSE A108 0.110910 0.151950 0.393046 -0.566584 -0.460302 0.683450 0.544843 -0.831509 -0.108342 0.618165 0.310989 0.721912
VERTEX_POSE A109 -0.538171 0.809067 -0.708128 -0.048598 -0.699334 -0.713141 -0.673720 0.550058 -0.493496 -0.737387 -0.456474 0.497887
VERTEX_POSE A110 0.448179 -0.359627 0.146195 -0.637867 -0.558367 -0.530426 0.674263 -0.072076 -0.734966 -0.372150 0.826457 -0.422461
VERTEX_POSE A111 0.277896 -0.380465 -0.455225 0.325544 0.937325 0.124270 0.816238 -0.212253 -0.537312 -0.477259 0.276353 -0.834178
VERTEX_POSE A112 0.651640 -0.675657 -0.398412 0.511134 0.296428 -0.806767 0.498990 -0.866605 -0.002274 -0.699822 -0.401406 -0.590866
VERTEX_POSE A113 0.843459 -0.894326 0.560606 0.757491 -0.528559 0.383187 -0.339903 0.181816 0.922718 -0.557380 -0.829198 -0.041935
VERTEX_POSE A114 -0.233428 0.562245 0.107709 -0.437207 0.533864 0.723768 0.352624 0.842077 -0.408121 -0.827349 0.076785 -0.556415
VERTEX_POSE A115 -0.589291 -0.529046 -0.704975 -0.815952 0.492161 -0.303314 -0.121062 -0.658485 -0.742793 -0.565302 -0.569364 0.596874
VERTEX_POSE A116 0.087511 -0.749781 0.947229 -0.032196 -0.649974 0.759274 -0.833145 -0.402189 -0.379621 0.552116 -0.644808 -0.528574
VERTEX_POSE A117 0.519970 -0.147371 0.057055 -0.716673 -0.609499 -0.338956 -0.378271 -0.068598 0.923150 -0.585911 0.789814 -0.181393
VERTEX_POSE A118 -0.805232 -0.751212 0.026167 0.695145 -0.199310 0.690687 0.423291 -0.663084 -0.617368 0.581031 0.721523 -0.376574
VERTEX_POSE A119 -0.053521 0.776540 0.265318 0.166105 0.842275 -0.512817 0.304904 0.450690 0.838995 0.937786 -0.295721 -0.181952
VERTEX_POSE A120 0.452939 -0.272844 -0.888884 0.603909 -0.765767 -0.221121 0.744388 0.442697 0.499906 0.284923 0.466498 -0.837376
VERTEX_POSE A121 0.679325 -0.215816 0.437655 -0.656270 0.171273 0.734830 0.331485 -0.809430 0.484707 0.677810 0.561684 0.474430
VERTEX_POSE A122 0.742102 0.314725 -0.294154 0.398332 -0.230771 0.887737 -0.764907 -0.617705 0.182642 -0.506211 0.751788 0.422570
VERTEX_POSE A123 0.089187 -0.106736 -0.308721 0.588142 0.577583 -0.566115 -0.652775 -0.074228 -0.753907 -0.477466 0.812950 0.333375
VERTEX_POSE A124 0.034306 -0.109573 -0.667358 -0.656763 -0.718343 -0.229444 0.442611 -0.613546 0.653955 -0.610539 0.327939 0.720901
VERTEX_POSE A125 -0.340273 -0.407062 0.503821 -0.745367 -0.373433 0.552246 0.422941 -0.905217 -0.041271 -0.515315 -0.202805 -0.832659
VERTEX_POSE A126 -0.984759 0.434194 0.227621 -0.876652 -0.480413 0.026165 0.341931 -0.583847 0.736347 0.338475 -0.654466 -0.676098
VERTEX_POSE A127 -0.034378 -0.543554 -0.346261 -0.935589 -0.172225 -0.308239 0.180391 0.517305 -0.836573 0.303532 -0.838292 -0.452917
VERTEX_POSE A128 0.095140 -0.036398 -0.600146 0.771387 -0.393137 0.500405 0.133917 -0.668453 -0.731599 -0.622116 -0.631359 0.462988
VERTEX_POSE A129 -0.692347 0.432175 -0.910299 -0.612865 0.491426 0.618786 0.787229 0.312024 0.531894 0.068310 0.813106 -0.578094
VERTEX_POSE A130 -0.017398 0.812678 -0.151753 -0.403054 -0.485230 0.775951 0.368068 -0.862222 -0.347993 0.837898 0.145343 0.526120
VERTEX_POSE A131 -0.746201 -0.631514 0.189923 -0.872252 -0.466389 -0.147163 -0.366960 0.425237 0.827354 0.323290 -0.775664 0.542060
VERTEX_POSE A132 0.222671 0.405878 -0.852407 0.851125 0.079652 0.518885 0.349860 0.650855 -0.673784 0.391387 -0.755012 -0.526092
VERTEX_POSE A133 0.451809 -0.805627 -0.883904 0.742063 -0.397133 -0.540026 0.499016 0.865180 0.049460 -0.447577 0.306184 -0.840194
VERTEX_POSE A134 -0.573026 -0.285722 0.260000 -0.638471 0.198920 0.743495 0.516731 0.826715 0.222554 -0.570389 0.526282 -0.630622
VERTEX_POSE A135 0.777320 -0.147440 -0.568419 -0.063183 0.709002 0.702370 0.222529 -0.676050 0.702451 -0.972877 -0.200681 0.115058
VERTEX_POSE A136 -0.876876 0.402355 -0.834930 0.076635 0.651367 -0.754883 -0.102540 -0.747946 -0.655791 -0.991772 0.127662 0.009473
VERTEX_POSE A137 0.999370 -0.421178 0.154794 0.385898 -0.789304 0.477578 0.407724 0.610294 0.679193 -0.827553 -0.067380 0.557329
VERTEX_POSE A138 0.752952 0.667816 -0.340597 -0.927791 -0.122814 0.352307 -0.372026 0.232936 -0.898519 -0.028286 0.964706 0.261806
VERTEX_POSE A139 0.234035 -0.445695 0.558116 0.969446 -0.136188 0.204029 -0.149696 -0.987351 0.052234 -0.194334 0.081181 0.977570
VERTEX_POSE A140 -0.538801 -0.612111 0.446667 0.809195 0.269607 0.522030 -0.522005 -0.077882 0.849379 0.269655 -0.959816 0.077714
VERTEX_POSE A141 0.201131 -0.691811 0.805597 -0.672703 0.668525 0.317089 0.700018 0.436210 0.565416 -0.239677 -0.602325 0.761419
VERTEX_POSE A142 -0.488069 0.173840 -0.897109 -0.226153 0.431462 0.873325 -0.095590 0.882395 -0.460696 0.969390 0.187669 0.158313
VERTEX_POSE A143 -0.887160 -0.287767 -0.951745 -0.477478 0.381715 -0.791396 0.732549 -0.324404 -0.598443 -0.485167 -0.865480 -0.124729
VERTEX_POSE A144 0.044590 -0.586137 0.366203 0.097258 -0.768448 0.632478 -0.422421 -0.607283 -0.672880 0.901167 -0.201729 -0.383672
VERTEX_POSE A145 0.278504 -0.263915 0.210599 -0.872857 0.336268 -0.353617 0.309231 0.941747 0.132247 -0.377488 -0.006083 0.925994
VERTEX_POSE A146 -0.476452 0.183186 -0.656720 -0.749875 0.626785 0.211725 -0.361745 -0.656410 0.662017 0.553921 0.419840 0.718962
VERTEX_POSE A147 -0.867899 -0.335918 0.313432 -0.341172 0.675920 0.653249 0.774637 0.595834 -0.211944 -0.532485 0.433721 -0.726874
VERTEX_POSE A148 -0.201527 0.588714 -0.732346 0.729985 0.301923 -0.613159 0.626987 -0.652924 0.424945 -0.272045 -0.694646 -0.665926
VERTEX_POSE A149 -0.281683 0.431974 0.369448 -0.183907 0.966280 -0.180224 0.628600 0.256574 0.734188 -0.755672 -0.021733 0.654590
VERTEX_POSE A150 0.078580 -0.559378 -0.421250 -0.935089 0.183687 0.303098 -0.009901 -0.868415 0.495740 0.354276 0.460560 0.813863
VERTEX_POSE A151 -0.748588 -0.684130 -0.621230 -0.781060 0.619107 -0.081558 -0.581181 -0.672932 0.457593 -0.228416 -0.404808 -0.885413
VERTEX_POSE A152 -0.602358 -0.783842 -0.192897 -0.337342 0.580413 -0.741162 0.916159 0.383448 -0.116710 0.216457 -0.718393 -0.661104
VERTEX_POSE A153 -0.179318 0.755346 0.284596 0.237407 0.732781 0.637707 -0.773328 -0.254717 0.580589 -0.587879 0.630993 -0.506208
VERTEX_POSE A154 0.340599 0.209134 0.070049 0.335251 -0.606174 0.721221 0.441916 0.777261 0.447856 -0.832056 0.168575 0.528456
VERTEX_POSE A155 0.431948 0.106585 0.139745 -0.368803 -0.608305 -0.702815 0.924739 -0.316612 -0.211222 0.094033 0.727820 -0.679291
VERTEX_POSE A156 0.480408 -0.651716 -0.211583 0.996399 -0.067088 0.051847 0.035938 0.888021 0.458397 -0.076794 -0.454883 0.887234
VERTEX_POSE A157 0.355840 -0.356672 -0.702330 0.088239 0.666524 -0.740243 -0.987973 -0.036168 -0.150335 -0.126975 0.744606 0.655316
VERTEX_POSE A158 -0.602430 0.563031 0.793484 -0.965772 0.230076 0.119790 0.018416 -0.399828 0.916405 0.258738 0.887244 0.381906
VERTEX_POSE A159 -0.424451 0.311885 0.188271 -0.621536 -0.679810 0.389295 0.749634 -0.371828 0.547533 0.227468 -0.632140 -0.740714
VERTEX_POSE A160 0.663493 -0.924496 -0.612629 0.855465 0.001910 -0.517858 0.407680 0.614162 0.675723 0.319339 -0.789177 0.524616
VERTEX_POSE A161 0.380171 0.375709 -0.358269 -0.825717 0.272275 0.494022 -0.412069 -0.889235 -0.198647 -0.385214 0.367597 -0.846453
VERTEX_POSE A162 -0.170653 0.680371 -0.621807 -0.714806 -0.419680 0.559394 0.272939 0.569046 0.775688 -0.643861 0.707146 -0.292211
VERTEX_POSE A163 -0.113836 0.481382 -0.465036 0.058451 0.916564 -0.395594 -0.989516 0.000771 -0.144419 0.132065 -0.399888 -0.907000
VERTEX_POSE A164 -0.168019 0.570081 -0.242173 -0.103211 -0.674871 0.730682 0.152128 -0.736673 -0.658916 0.982957 0.043150 0.178699
VERTEX_POSE A165 0.256322 -0.605351 0.638193 -0.717909 0.415222 -0.558746 0.028151 -0.784665 -0.619280 0.695567 0.460316 -0.551630
VERTEX_POSE A166 -0.336516 -0.666058 -0.033455 0.273181 0.426835 0.862081 -0.724871 0.680489 -0.107225 -0.632404 -0.595606 0.495297
VERTEX_POSE A167 -0.044895 -0.027564 -0.077104 0.183995 -0.966412 0.179429 0.637839 -0.021500 -0.769870 -0.747869 -0.256099 -0.612459
VERTEX_POSE A168 0.255692 -0.026528 -0.207012 -0.680790 -0.258979 -0.685168 -0.459191 0.879674 0.123760 0.570673 0.398877 -0.717794
VERTEX_POSE A169 -0.583564 -0.998242 0.625948 -0.431757 -0.566569 0.701845 -0.120277 0.807321 0.577725 0.893935 -0.165021 0.416711
VERTEX_POSE A170 -0.810860 0.526741 -0.518988 0.783373 -0.240544 -0.573119 0.560760 -0.124205 0.818609 0.268095 0.962659 -0.037588
VERTEX_POSE A171 0.716891 0.361361 -0.760346 0.774334 -0.168583 -0.609907 0.494291 0.762930 0.416669 0.395073 -0.624113 0.674092
VERTEX_POSE A172 0.617567 -0.690053 0.431545 0.635587 -0.492882 -0.594219 0.489835 -0.337467 0.803852 0.596734 0.801987 -0.026942
VERTEX_POSE A173 -0.298929 -0.299418 -0.416097 -0.288835 0.730424 -0.618915 0.762422 -0.215506 -0.610140 -0.579040 -0.648104 -0.494645
VERTEX_POSE A174 0.829730 -0.926407 -0.712091 0.720451 -0.645747 -0.252905 -0.441350 -0.145629 -0.885439 -0.534940 -0.749535 0.389919
VERTEX_POSE A175 -0.337843 -0.276191 -0.202252 0.121727 -0.118335 -0.985484 -0.757851 0.630086 -0.169270 0.640971 0.767455 -0.012982
VERTEX_POSE A176 0.979574 0.436667 0.794502 -0.673283 0.428846 0.602313 -0.235992 0.647367 -0.724723 0.700712 0.630085 0.334657
VERTEX_POSE A177 -0.646721 0.256780 -0.368810 0.453934 0.604088 -0.654997 0.757169 0.126003 0.640952 -0.469723 0.786893 0.400199
VERTEX_POSE A178 -0.205742 0.387891 -0.888820 0.269701 -0.789384 -0.551483 -0.375764 -0.613576 0.694496 0.886602 -0.019921 0.462105
VERTEX_POSE A179 -0.221952 0.025381 -0.937844 0.299872 0.639180 0.708185 0.930994 -0.034102 -0.363438 0.208152 -0.768301 0.605299
VERTEX_POSE A180 0.071596 -0.311246 -0.999363 0.131152 0.617712 -0.775391 0.990004 -0.122540 0.069831 0.051881 0.776798 0.627609
VERTEX_POSE A181 0.872838 0.828513 -0.310070 -0.659085 0.750816 0.043394 -0.274319 -0.186278 -0.943424 0.700255 0.633700 -0.328736
VERTEX_POSE A182 0.029460 0.341251 -0.559074 -0.000210 -0.396530 0.918022 -0.653132 -0.695112 -0.300396 0.757244 -0.599653 -0.258840
VERTEX_POSE A183 0.469237 -0.095088 -0.192260 -0.201363 0.936839 -0.285982 -0.641104 -0.346791 -0.684633 0.740566 -0.045485 -0.670442
VERTEX_POSE A184 -0.306481 0.583859 0.974526 -0.371842 0.820629 0.433938 -0.786038 -0.029661 -0.617466 0.493839 0.570692 -0.656075
VERTEX_POSE A185 -0.629942 -0.449615 0.510975 0.794861 -0.435142 -0.422904 -0.222734 0.439067 -0.870408 -0.564434 -0.786048 -0.252076
VERTEX_POSE A186 -0.098815 -0.988503 0.947486 -0.838729 -0.151968 0.522915 0.472973 -0.679197 0.561238 -0.269872 -0.718051 -0.641539
VERTEX_POSE A187 -0.826072 0.932143 -0.237058 -0.718757 -0.304227 0.625168 0.481587 -0.866390 0.132069 0.501460 0.395998 0.769235
VERTEX_POSE A188 0.725898 0.193714 0.808644 -0.897645 0.360384 -0.253688 -0.347978 -0.226320 0.909775 -0.270454 -0.904932 -0.328560
VERTEX_POSE A189 0.298755 0.574528 0.740969 -0.100590 0.283199 0.953771 -0.512706 -0.836302 0.194247 0.852651 -0.469465 0.229322
VERTEX_POSE A190 -0.250523 0.244028 0.951213 0.468974 0.706764 -0.529669 -0.459718 0.707401 0.536882 0.754137 -0.008285 0.656664
VERTEX_POSE A191 0.389391 0.269217 -0.803985 0.515833 0.651969 -0.555745 -0.560558 -0.233694 -0.794457 0.647836 -0.721335 -0.244919
VERTEX_POSE A192 -0.321074 -0.049764 -0.617300 0.086567 0.735289 0.672203 -0.356245 0.652969 -0.668372 -0.930374 -0.181610 0.318469
VERTEX_POSE A193 0.578824 -0.075601 -0.670594 0.106592 -0.702351 -0.703804 0.883151 0.392082 -0.257518 -0.456817 0.594116 -0.662075
VERTEX_POSE A194 -0.724445 -0.249401 -0.269021 0.370270 0.675572 -0.637576 0.805946 0.107652 0.582118 -0.461899 0.729393 0.504614
VERTEX_POSE A195 0.510907 -0.479682 0.140527 -0.469812 0.876042 0.108749 -0.648149 -0.258685 -0.716229 0.599315 0.406979 -0.689340
VERTEX_POSE A196 -0.164855 0.319048 0.967600 0.441240 -0.484186 -0.755560 -0.326609 0.697563 -0.637756 -0.835843 -0.528176 -0.149653
VERTEX_POSE A197 -0.060961 0.084540 0.697524 0.842404 -0.230574 -0.487023 -0.157888 0.758535 -0.632216 -0.515196 -0.609476 -0.602588
VERTEX_POSE A198 -0.533988 0.492754 -0.936577 0.098771 -0.364626 -0.925901 0.990491 -0.053522 0.126739 0.095768 0.929615 -0.355872
VERTEX_POSE A199 -0.909163 -0.707480 -0.239413 0.414327 -0.637867 -0.649199 0.768224 -0.137376 0.625268 0.488022 0.757795 -0.433106
VERTEX_POSE A200 0.355476 0.086298 0.323472 0.504193 0.789879 -0.349113 -0.786593 0.586902 0.191877 0.356455 0.177866 0.917226
VERTEX_POSE A201 -0.344848 0.019495 -0.455565 -0.964130 -0.261386 -0.046169 0.161911 -0.716975 0.678035 0.210331 -0.646238 -0.733578
VERTEX_POSE A202 0.807728 0.653881 0.000241 -0.486609 -0.733857 0.473988 -0.608153 0.674061 0.419275 0.627185 0.084235 0.774302
VERTEX_POSE A203 -0.026957 0.396245 -0.244983 0.289074 0.164352 -0.943093 -0.109311 0.984376 0.138040 -0.951045 -0.063186 -0.302523
VERTEX_POSE A204 0.356222 0.720077 0.128338 -0.458875 -0.256473 -0.850679 0.863981 0.094571 -0.494563 -0.207292 0.961914 -0.178192
VERTEX_POSE A205 0.637459 0.727474 0.288151 -0.237473 -0.172978 0.955869 0.602712 0.745466 0.284638 -0.761804 0.643707 -0.072772
VERTEX_POSE A206 0.635200 -0.879945 0.552765 -0.186246 0.189686 0.964018 0.740736 -0.617489 0.264609 -0.645463 -0.763366 0.025502
VERTEX_POSE A207 0.335797 0.156744 -0.077160 -0.783540 0.512721 -0.350974 -0.536558 -0.273496 0.798314 0.313322 0.813828 0.489400
VERTEX_POSE A208 0.990738 -0.015746 0.919340 0.436868 -0.603850 0.666718 0.497866 -0.454993 -0.738317 0.749184 0.654482 0.101864
VERTEX_POSE A209 -0.570542 0.507946 0.663945 0.209674 0.767652 0.605596 -0.452185 -0.473023 0.756161 -0.866929 0.432389 -0.247940
VERTEX_POSE A210 -0.886156 -0.817875 -0.015003 0.743422 -0.605166 0.284776 -0.668771 -0.667356 0.327689 0.008259 0.434062 0.900845
VERTEX_POSE A211 0.062333 0.673008 0.919978 -0.791964 -0.416055 -0.446869 -0.453216 -0.089844 0.886862 -0.409132 0.904890 -0.117409
VERTEX_POSE A212 -0.697704 0.336458 -0.646125 -0.410925 0.066688 -0.909227 0.115656 -0.985450 -0.124549 0.904303 0.156338 -0.397233
VERTEX_POSE A213 0.143304 0.523376 0.425923 -0.710228 -0.547042 0.443082 -0.699118 0.474315 -0.535032 -0.082525 0.689762 0.719318
VERTEX_POSE A214 -0.468429 -0.422080 -0.272282 0.803956 0.206519 -0.557678 0.251593 0.731591 0.633621 0.538847 -0.649711 0.536208
VERTEX_POSE A215 -0.004185 -0.079683 -0.671600 0.253714 -0.927969 -0.272953 0.891285 0.114641 0.438712 -0.375820 -0.354587 0.856171
VERTEX_POSE A216 0.513363 -0.926239 -0.063102 0.200738 -0.977113 0.070388 -0.891408 -0.152385 0.426815 -0.406321 -0.148422 -0.901595
VERTEX_POSE A217 0.432756 -0.410583 -0.324796 0.495360 0.078358 -0.865146 0.600743 0.688481 0.406327 0.627476 -0.721009 0.293973
VERTEX_POSE A218 0.169743 -0.147541 0.091343 0.721533 0.683008 -0.113533 -0.148371 -0.007640 -0.988902 -0.676296 0.730371 0.095826
VERTEX_POSE A219 0.239261 0.267474 -0.254458 -0.603287 0.183376 -0.776156 0.421373 -0.752987 -0.505425 0.677119 0.631968 -0.376997
VERTEX_POSE A220 -0.268489 -0.836055 -0.583827 -0.785133 -0.350828 0.510378 0.136150 -0.901697 -0.410372 0.604176 -0.252709 0.755718
VERTEX_POSE A221 0.919220 -0.903513 0.042556 0.317796 0.522748 -0.791038 -0.332130 0.842803 0.423524 0.888086 0.128133 0.441459
VERTEX_POSE A222 -0.371348 -0.463308 -0.058443 0.544546 0.837881 0.037763 -0.430021 0.317564 -0.845124 0.720105 -0.443970 -0.533235
VERTEX_POSE A223 0.410437 0.114181 -0.201127 -0.232106 -0.925653 -0.298820 0.712333 -0.370952 0.595799 -0.662351 -0.074571 0.745473
VERTEX_POSE A224 0.498043 0.020886 0.371962 -0.551436 0.763225 0.336758 -0.832183 -0.531453 -0.158205 0.058225 -0.367484 0.928205
VERTEX_POSE A225 -0.095793 0.287290 0.672537 -0.076035 -0.742106 0.665956 0.783887 -0.457258 -0.420044 -0.616231 -0.490096 -0.616494
VERTEX_POSE A226 -0.078656 0.634499 0.939400 -0.138987 0.806922 -0.574073 -0.088973 0.567180 0.818774 -0.986289 -0.164876 0.007037
VERTEX_POSE A227 -0.666811 -0.660065 0.339562 0.229046 0.778663 0.584142 0.574727 -0.592511 0.564465 -0.785638 -0.206433 0.583231
VERTEX_POSE A228 0.843247 -0.628169 0.370061 0.670761 -0.689273 -0.273828 0.727201 0.538629 0.425508 0.145800 0.484542 -0.862532
VERTEX_POSE A229 0.387356 0.127253 -0.997177 0.636781 -0.247016 -0.730406 0.555193 0.804239 0.212041 -0.535043 0.540540 -0.649265
VERTEX_POSE A230 -0.575974 -0.367546 -0.899851 -0.710745 0.696518 -0.098507 -0.693030 -0.669304 0.267846 -0.120628 -0.258639 -0.958413
VERTEX_POSE A231 0.198722 0.458129 -0.306467 0.430048 -0.615192 -0.660756 0.879329 0.119601 0.460952 -0.204546 -0.779253 0.592390
VERTEX_POSE A232 -0.957492 -0.853252 -0.452741 0.893615 -0.397765 -0.207928 0.415675 0.558683 0.717696 0.169309 0.727775 -0.664589
VERTEX_POSE A233 -0.768246 -0.713665 0.100390 0.288444 -0.225424 -0.930583 0.469395 0.880384 -0.067770 0.834547 -0.417263 0.359755
VERTEX_POSE A234 -0.828235 -0.145625 0.448549 0.633130 -0.277651 -0.722535 -0.167040 -0.960467 0.222711 0.755807 0.020313 0.654479
VERTEX_POSE A235 0.398731 0.866825 0.675597 -0.130091 -0.859992 -0.493447 -0.531001 0.480719 -0.697816 0.837326 0.171241 -0.519193
VERTEX_POSE A236 0.869213 -0.986190 -0.611459 -0.274647 -0.852615 -0.444541 0.638027 -0.507474 0.579130 0.719368 0.124573 -0.683368
VERTEX_POSE A237 0.806966 -0.025571 0.001314 -0.286178 -0.059179 0.956347 -0.680978 -0.689589 -0.246448 -0.674071 0.721779 -0.157046
VERTEX_POSE A238 -0.265473 0.023569 -0.401563 -0.807933 0.491740 -0.324711 0.267611 0.797115 0.541287 0.525004 0.350428 -0.775610
VERTEX_POSE A239 0.859950 -0.001936 -0.692119 0.327217 0.287854 0.900039 -0.612434 0.789953 -0.029990 0.719621 0.541401 -0.434777
VERTEX_POSE A240 -0.763576 -0.517625 -0.334740 0.112927 0.492406 -0.863009 0.408773 0.768632 0.492046 0.905623 -0.408340 -0.114483
VERTEX_POSE A241 -0.151628 0.205694 0.583434 0.723288 -0.430404 0.540006 -0.148100 -0.860486 -0.487473 -0.674478 -0.272608 0.686123
VERTEX_POSE A242 -0.077717 -0.328928 -0.772141 0.479423 -0.581244 -0.657502 0.843175 0.512820 0.161466 0.243329 -0.631800 0.735948
VERTEX_POSE A243 -0.461280 0.818833 0.019134 0.840024 0.511956 0.179611 0.464518 -0.507608 -0.725642 0.280325 -0.692989 0.664216
VERTEX_POSE A244 0.991676 -0.270930 0.009357 -0.563995 0.179379 0.806060 0.168803 0.980554 -0.100101 -0.808341 0.079609 -0.583307
VERTEX_POSE A245 0.453854 0.248992 -0.044423 -0.301242 -0.560631 0.771328 -0.230781 -0.741989 -0.629438 0.925199 -0.367621 0.094135
VERTEX_POSE A246 0.534535 -0.260850 0.347535 0.273465 0.176123 -0.945620 -0.864323 0.476396 -0.161225 -0.422094 -0.861410 -0.282505
VERTEX_POSE A247 0.505039 -0.197169 0.946254 -0.296673 -0.655323 0.694649 0.836164 0.173129 0.520439 0.461319 -0.735240 -0.496594
VERTEX_POSE A248 -0.113390 0.838410 0.630780 0.389092 -0.805687 0.446627 -0.626014 0.124424 0.769822 0.675807 0.579126 0.455959
VERTEX_POSE A249 -0.295722 0.591609 -0.561123 -0.536039 -0.382001 0.752819 0.832052 -0.389767 0.394677 0.142657 0.837948 0.526776
VERTEX_POSE A250 -0.255700 -0.929695 -0.308204 0.896348 0.442973 0.018329 0.396909 -0.783345 -0.478366 -0.197546 0.436058 -0.877969
VERTEX_POSE A251 0.618121 -0.997645 -0.953046 -0.533699 0.829161 0.166304 0.023693 -0.181914 0.983029 -0.845342 -0.528582 -0.077442
VERTEX_POSE A252 -0.376502 0.688097 0.481433 -0.436902 0.808358 -0.394556 -0.594827 0.069400 0.800852 0.674758 0.584586 0.450512
VERTEX_POSE A253 0.372952 -0.393003 0.633354 -0.047151 0.663967 0.746274 0.972399 0.201422 -0.117769 -0.228511 0.720123 -0.655138
VERTEX_POSE A254 0.028558 0.116536 -0.154173 0.338787 0.906870 -0.250620 -0.760612 0.107199 -0.640295 -0.553798 0.407549 0.726094
VERTEX_POSE A255 -0.878459 -0.291017 -0.146605 -0.703862 -0.632537 0.323227 -0.507204 0.128961 -0.852123 -0.497316 0.763719 0.411595
VERTEX_POSE A256 -0.722841 0.894287 0.305890 0.078468 0.676346 -0.732393 -0.097213 0.736348 0.669583 0.992166 0.018657 0.123529
VERTEX_POSE A257 0.949903 -0.248965 -0.214773 -0.578193 0.810258 -0.095785 0.769585 0.580591 0.265805 0.270982 0.079972 -0.959257
VERTEX_POSE A258 -0.545270 0.048918 -0.807043 -0.769991 0.564261 -0.297864 0.422721 0.800812 0.424272 0.477933 0.200772 -0.855143
VERTEX_POSE A259 -0.879594 -0.733882 -0.324049 0.775500 0.591094 0.221830 -0.588849 0.550446 0.591833 0.227723 -0.589591 0.774936
VERTEX_POSE A260 0.337259 0.878288 -0.211949 0.330424 0.916817 0.224204 0.349096 0.101985 -0.931521 -0.876899 0.386065 -0.286358
VERTEX_POSE A261 -0.121244 0.681372 -0.706894 -0.742227 -0.661586 -0.106785 -0.658583 0.749574 -0.066388 -0.123965 -0.021052 0.992063
VERTEX_POSE A262 0.319128 0.724247 0.369484 0.573935 -0.137742 -0.807233 -0.316901 -0.946308 -0.063841 -0.755097 0.292454 -0.586770
VERTEX_POSE A263 0.379767 -0.974964 0.335309 -0.311337 -0.026200 0.949938 -0.662167 0.722976 -0.197081 0.681619 0.690376 0.242438
VERTEX_POSE A264 0.110509 0.967707 0.393496 0.604901 0.698970 0.381491 0.090291 0.415785 -0.904970 -0.791165 0.581862 0.188398
VERTEX_POSE A265 0.490894 -0.421378 -0.181967 0.359484 -0.294937 0.885316 -0.648394 -0.761244 0.009678 0.671087 -0.577512 -0.464890
VERTEX_POSE A266 -0.221502 0.891861 0.010907 -0.926564 -0.164726 0.338150 0.275551 0.314668 0.908326 0.256030 -0.934799 0.246170
VERTEX_POSE A267 -0.020278 0.981517 0.782037 -0.354272 0.859554 0.368319 -0.867814 -0.448935 0.212971 -0.348411 0.244182 -0.904978
VERTEX_POSE A268 0.297859 0.553051 0.819347 -0.105463 0.925800 0.363004 0.984412 0.045529 0.169883 -0.140751 -0.375262 0.916170
VERTEX_POSE A269 0.513025 -0.084570 0.609344 -0.723789 0.657922 0.208012 0.685019 0.721349 0.102001 -0.082940 0.216320 -0.972793
VERTEX_POSE A270 -0.160328 -0.020419 -0.910082 -0.868189 -0.496163 0.008393 0.050774 -0.071993 0.996112 -0.493630 0.865239 0.087696
VERTEX_POSE A271 0.534283 -0.964574 -0.515393 0.630339 -0.372516 -0.681105 0.022095 -0.868387 0.495394 -0.776005 -0.327315 -0.539148
VERTEX_POSE A272 -0.638603 -0.878877 0.192778 -0.176465 -0.980306 0.088653 -0.829787 0.099712 -0.549100 -0.529446 0.170460 0.831042
VERTEX_POSE A273 0.761956 0.650653 -0.682223 -0.481702 -0.372626 0.793166 -0.674968 -0.419494 -0.606995 0.558910 -0.827753 -0.049440
VERTEX_POSE A274 -0.926997 0.854259 0.503741 -0.392946 0.632193 0.667776 0.856997 0.515052 0.016684 0.333392 -0.578838 0.744175
VERTEX_POSE A275 -0.646927 -0.149807 -0.797865 0.556068 0.311547 -0.770537 -0.177578 0.950214 0.256044 0.811945 -0.005547 0.583708
VERTEX_POSE A276 0.215810 -0.100355 0.273353 0.641363 0.766646 0.030126 0.616639 -0.491710 -0.614799 -0.456520 0.412886 -0.788108
VERTEX_POSE A277 0.607538 -0.406591 -0.148724 -0.970038 0.170238 -0.173336 -0.126859 0.253558 0.958966 -0.207204 -0.952222 0.224365
VERTEX_POSE A278 0.858112 0.653023 -0.851611 -0.460413 0.856678 -0.232642 -0.887276 -0.452251 0.090612 -0.027587 0.248137 0.968332
VERTEX_POSE A279 -0.897580 -0.261945 -0.095866 0.677925 -0.105460 0.727527 0.682338 -0.277999 -0.676115 -0.273556 -0.954775 0.116503
VERTEX_POSE A280 -0.688184 -0.814982 0.290154 -0.316017 -0.382797 0.868101 -0.394629 0.885119 0.246643 0.862787 0.264635 0.430776
VERTEX_POSE A281 -0.397589 0.723328 -0.159815 -0.524279 -0.129503 -0.841642 -0.754910 -0.386631 0.529743 -0.394008 0.913097 0.104939
VERTEX_POSE A282 0.720541 -0.259590 -0.048913 0.628749 -0.658534 -0.413530 -0.539574 0.013463 -0.841831 0.559942 0.752430 -0.346863
VERTEX_POSE A283 -0.064686 0.873115 -0.228413 -0.279729 0.224394 -0.933487 -0.771809 -0.630847 0.079636 0.571018 -0.742751 -0.349656
VERTEX_POSE A284 0.975363 -0.669675 -0.526461 0.245012 0.450930 -0.858272 -0.477961 -0.714025 -0.511588 -0.843518 0.535565 0.040582
VERTEX_POSE A285 -0.250901 0.856946 0.796914 -0.125620 -0.719686 0.682841 0.764977 -0.508527 -0.395236 0.631688 0.472708 0.614424
VERTEX_POSE A286 0.056855 -0.417902 0.624982 -0.139828 0.547624 -0.824959 0.724431 -0.511388 -0.462258 0.675017 0.662262 0.325209
VERTEX_POSE A287 -0.747478 -0.775388 0.779429 0.660695 -0.742654 0.109304 0.683376 0.655321 0.321796 -0.310612 -0.137913 0.940479
VERTEX_POSE A288 -0.300998 -0.392019 -0.417858 -0.929673 0.360341 0.076560 0.261264 0.791457 -0.552573 -0.259709 -0.493710 -0.829941
VERTEX_POSE A289 0.511584 0.631016 0.817939 0.041263 0.617822 0.785235 -0.886107 -0.340486 0.314458 -0.461640 0.708777 -0.533407
VERTEX_POSE A290 -0.627072 -0.509270 -0.544620 -0.645483 -0.751684 0.135361 -0.753358 0.597431 -0.274822 -0.125710 0.279368 0.951919
VERTEX_POSE A291 -0.963739 -0.513732 0.370192 -0.148274 0.046890 0.987834 -0.776366 0.613225 -0.145641 -0.612593 -0.788515 -0.054522
VERTEX_POSE A292 -0.609660 0.312388 -0.888955 -0.371037 -0.018275 -0.928438 0.769300 -0.566026 -0.296298 0.520105 0.824185 -0.224076
VERTEX_POSE A293 0.692057 -0.785023 0.824864 0.043413 0.962177 -0.268943 -0.176309 -0.257593 -0.950032 0.983377 -0.088661 -0.158457
VERTEX_POSE A294 0.416029 -0.488696 -0.294498 0.980141 -0.188550 -0.061414 0.063996 0.593893 -0.801995 0.187690 0.782138 0.594165
VERTEX_POSE A295 0.500849 0.280095 0.504541 -0.469934 0.461472 -0.752467 0.683779 0.729407 0.020293 -0.558219 0.504984 0.658318
VERTEX_POSE A296 0.182950 -0.206402 -0.357103 0.202906 -0.785788 -0.584266 0.863641 0.424810 -0.271405 0.461469 -0.449527 0.764835
VERTEX_POSE A297 -0.805474 -0.596835 0.716408 -0.917503 -0.344047 0.199552 0.050789 -0.598968 -0.799160 -0.394474 0.723097 -0.567029
VERTEX_POSE A298 -0.519429 0.261612 0.286578 0.756622 -0.568680 -0.322685 -0.192529 -0.665404 0.721228 -0.624864 -0.483571 -0.612947
VERTEX_POSE A299 -0.519191 -0.653351 -0.537756 0.505797 0.146480 0.850126 -0.095722 -0.969863 0.224062 0.857326 -0.194705 -0.476532
VERTEX_POSE A300 0.707552 0.318594 0.325752 0.273092 0.683725 -0.676714 -0.863532 -0.135779 -0.485670 -0.423948 0.716997 0.553338
VERTEX_POSE A301 0.320244 -0.758807 0.376496 0.752749 -0.601805 0.266834 0.056476 0.462874 0.884623 -0.655881 -0.650829 0.382415
VERTEX_POSE A302 -0.984908 -0.617925 -0.053149 0.451688 -0.381150 0.806661 0.892127 0.183484 -0.412847 0.009347 0.906123 0.422912
VERTEX_POSE A303 -0.931051 0.439717 -0.481470 -0.304019 -0.686969 0.660034 -0.818408 -0.166295 -0.550049 -0.487628 0.707403 0.511664
VERTEX_POSE A304 0.082199 0.891846 0.694273 -0.649242 -0.713581 -0.263222 -0.155183 0.463081 -0.872625 0.744582 -0.525697 -0.411388
VERTEX_POSE A305 -0.911905 -0.763666 -0.549408 -0.703634 0.320395 0.634229 0.710043 0.282910 0.644827 -0.027169 -0.904052 0.426559
