VERTEX_POSE A0 -0.172185 0.469004 0.087568 -0.969689 0.220491 -0.105293 -0.243896 -0.899453 0.362629 -0.014749 0.377318 0.925966
VERTEX_POSE A1 0.505414 0.751308 0.209345 -0.926086 0.200792 -0.319450 -0.049128 0.775267 0.629720 0.374101 0.598869 -0.708099
VERTEX_POSE A2 -0.214447 -0.490142 -0.279999 -0.521559 0.462416 0.717041 -0.310423 0.679961 -0.664297 -0.794741 -0.569056 -0.211096
VERTEX_POSE A3 -0.419778 0.283942 -0.100634 0.508676 0.610257 -0.607318 -0.850225 0.245028 -0.465917 0.135519 -0.753358 -0.643496
VERTEX_POSE A4 -0.769769 -0.589368 0.936481 -0.389478 -0.920684 0.025462 -0.744059 0.330813 0.580464 -0.542847 0.207132 -0.813888
VERTEX_POSE A5 0.386404 -0.118923 -0.669320 -0.635065 -0.262463 0.726502 -0.603983 0.755037 -0.255194 0.481557 0.600859 0.638021
VERTEX_POSE A6 -0.501177 -0.690235 0.274941 -0.848670 0.527451 -0.039418 0.461339 0.701721 -0.542912 0.258699 0.478939 0.838864
VERTEX_POSE A7 0.437374 -0.850932 0.342364 -0.397402 -0.360477 0.843877 -0.609640 -0.583622 -0.536399 -0.685864 0.727628 -0.012171
VERTEX_POSE A8 -0.142248 -0.379066 0.528005 0.041306 -0.971359 0.233998 0.540696 0.218673 0.812299 0.840203 -0.092969 -0.534243
VERTEX_POSE A9 0.749900 0.700192 -0.324716 0.301051 -0.815717 -0.493938 -0.952856 -0.236748 -0.189779 0.037867 0.527785 -0.848534
VERTEX_POSE A10 -0.347408 -0.624496 -0.266776 0.876113 -0.159387 -0.454996 -0.018653 0.931855 -0.362350 0.481744 0.325947 0.813438
VERTEX_POSE A11 -0.740966 -0.218458 -0.287182 0.169538 -0.042542 0.984605 -0.970340 -0.181904 0.159222 0.172330 -0.982396 -0.072120
VERTEX_POSE A12 -0.335673 -0.717447 0.492481 0.862004 0.495271 -0.107964 0.396963 -0.527108 0.751384 0.315229 -0.690553 -0.650973
VERTEX_POSE A13 -0.742107 0.000216 -0.998218 0.633833 -0.533138 -0.560374 -0.519901 0.242752 -0.819008 0.572676 0.810454 -0.123315
VERTEX_POSE A14 0.457549 0.163152 0.983541 -0.431382 -0.816016 -0.384744 -0.528161 0.574173 -0.625598 0.731407 -0.066665 -0.678675
VERTEX_POSE A15 -0.052234 0.246453 -0.863907 -0.306139 -0.446551 0.840756 0.517571 -0.819305 -0.246698 -0.798999 -0.359627 -0.481943
VERTEX_POSE A16 -0.015278 -0.455378 0.970692 -0.234197 -0.789009 0.567993 -0.877989 -0.079232 -0.472078 -0.417477 0.609251 0.674185
VERTEX_POSE A17 -0.249120 0.624620 0.984952 -0.988786 0.059854 0.136817 0.104076 0.933219 0.343904 0.107096 -0.354287 0.928984
VERTEX_POSE A18 0.053788 0.096471 0.483645 -0.992588 -0.012327 -0.120903 -0.116571 0.377854 0.918497 -0.034361 -0.925783 0.376491
VERTEX_POSE A19 0.145254 0.001491 0.856895 -0.966451 0.252169 -0.048816 0.047303 0.361550 0.931152 0.252457 0.897604 -0.361348
VERTEX_POSE A20 0.176644 0.783449 0.818413 0.608697 -0.242976 0.755282 -0.657822 -0.686772 0.309216 0.443574 -0.685060 -0.577871
VERTEX_POSE A21 -0.517311 -0.247255 0.344915 0.693902 -0.707744 -0.132660 -0.091772 0.095806 -0.991160 0.714198 0.699942 0.001529
VERTEX_POSE A22 -0.231233 -0.878934 0.481733 0.621926 -0.748160 0.231227 -0.675171 -0.661894 -0.325637 -0.396676 -0.046405 0.916785
VERTEX_POSE A23 -0.064785 -0.486770 -0.341144 -0.022659 0.595632 -0.802938 -0.986172 -0.145202 -0.079883 0.164169 -0.790025 -0.590686
VERTEX_POSE A24 -0.676022 0.976614 0.452158 0.665610 0.608200 -0.432499 -0.587519 0.069675 -0.806205 0.460200 -0.790720 -0.403706
VERTEX_POSE A25 0.364054 0.866125 0.731320 0.541093 0.179741 -0.821530 -0.387635 -0.813616 -0.433322 0.746295 -0.552922 0.370568
VERTEX_POSE A26 -0.060942 -0.416563 -0.389975 0.101152 -0.781607 -0.615515 -0.736080 0.357422 -0.574835 -0.669294 -0.511214 0.539172
VERTEX_POSE A27 0.318801 -0.689517 0.112204 -0.731958 -0.610337 0.302863 0.144398 -0.573364 -0.806476 -0.665873 0.546574 -0.507810
VERTEX_POSE A28 -0.525873 0.520179 0.080719 0.092861 -0.327925 0.940129 -0.567696 0.758262 0.320562 -0.817984 -0.563475 -0.115749
VERTEX_POSE A29 -0.279877 0.942200 0.608193 -0.626345 0.661823 0.411926 -0.779360 -0.543180 -0.312335 -0.017040 0.516668 -0.856016
VERTEX_POSE A30 0.524760 0.700377 -0.010073 -0.048123 -0.800357 0.597589 -0.654796 0.477070 0.586214 -0.754272 -0.363089 -0.547028
VERTEX_POSE A31 0.301942 -0.010817 -0.831713 0.091953 0.755112 -0.649115 0.994744 -0.040167 0.094188 0.045050 -0.654364 -0.754837
VERTEX_POSE A32 -0.774463 0.693508 -0.182462 -0.150974 0.741916 -0.653274 -0.715103 -0.538240 -0.446010 0.682521 -0.399822 -0.611807
VERTEX_POSE A33 -0.689687 -0.789765 0.709928 0.377284 -0.552048 -0.743572 0.923378 0.285726 0.256386 -0.070921 0.783329 -0.617549
VERTEX_POSE A34 0.882164 -0.726875 0.067653 0.194163 -0.007345 0.980942 0.478971 -0.871963 -0.101334 -0.856089 -0.489518 0.165785
VERTEX_POSE A35 -0.544232 -0.895861 -0.245980 -0.730130 0.626919 0.271814 -0.473875 -0.177968 -0.862421 -0.492294 -0.758485 0.427021
VERTEX_POSE A36 0.696717 0.091312 -0.959392 -0.235233 -0.883946 0.404110 0.302197 0.328652 0.894799 -0.923765 0.332607 0.189816
VERTEX_POSE A37 -0.619012 -0.417110 -0.657406 -0.060498 0.508907 -0.858693 -0.027945 -0.860795 -0.508184 -0.997777 -0.006748 0.066298
VERTEX_POSE A38 0.893142 -0.746792 -0.903616 -0.713356 -0.689458 -0.125582 -0.157692 0.332521 -0.929819 -0.682830 0.643488 0.345928
VERTEX_POSE A39 -0.445531 0.712247 0.568612 -0.762275 -0.134891 -0.633041 -0.569169 0.605398 0.556363 -0.308193 -0.784409 0.538256
VERTEX_POSE A40 -0.869112 -0.716918 0.017878 0.596508 0.703889 -0.385641 -0.801439 0.548288 -0.238904 -0.043281 -0.451576 -0.891183
VERTEX_POSE A41 -0.454265 -0.371288 -0.170392 0.136771 0.965839 -0.220111 0.733209 0.050710 0.678109 0.666106 -0.254133 -0.701227
VERTEX_POSE A42 -0.186497 -0.506211 -0.718569 0.588502 -0.694976 0.413128 0.613260 0.050730 -0.788251 0.526857 0.717241 0.456055
VERTEX_POSE A43 -0.204785 -0.434365 -0.489641 0.576576 -0.523923 -0.626949 0.398015 -0.490027 0.775537 -0.713544 -0.696691 -0.074009
VERTEX_POSE A44 -0.196373 0.628928 -0.168610 0.745506 0.638040 0.192680 -0.433414 0.244470 0.867402 0.506333 -0.730164 0.458790
VERTEX_POSE A45 -0.728948 0.656940 -0.735028 0.226723 -0.922819 0.311452 0.127211 -0.288982 -0.948845 0.965616 0.254745 0.051873
VERTEX_POSE A46 0.742981 0.812088 -0.353547 0.088123 -0.518161 -0.850731 -0.202707 -0.845511 0.493985 0.975266 -0.128917 0.179544
VERTEX_POSE A47 0.788349 -0.826450 -0.197919 -0.515713 0.611315 0.600278 0.122413 0.746023 -0.654572 -0.847971 -0.264090 -0.459567
VERTEX_POSE A48 0.021932 0.281560 -0.750076 0.301809 -0.749066 -0.589755 -0.062747 -0.632867 0.771714 0.951301 0.195905 0.238007
VERTEX_POSE A49 -0.203231 -0.091442 -0.869902 -0.873179 -0.446740 -0.194891 0.372594 -0.869599 0.323992 0.314217 -0.210288 -0.925768
VERTEX_POSE A50 -0.066397 0.175041 -0.341024 -0.734314 -0.065116 -0.675680 0.411831 -0.834004 -0.367195 -0.539609 -0.547902 0.639238
VERTEX_POSE A51 -0.801424 0.065008 -0.931663 0.257991 -0.438481 -0.860916 0.961381 0.204915 0.183730 0.095852 -0.875068 0.474413
VERTEX_POSE A52 0.279458 0.661303 0.475012 0.721800 0.457923 -0.518952 -0.692020 0.489026 -0.531001 0.010624 0.742402 0.669871
VERTEX_POSE A53 0.702369 0.296107 -0.859292 0.686248 0.486964 -0.540306 0.722604 -0.541302 0.429925 -0.083111 -0.685462 -0.723349
VERTEX_POSE A54 0.133791 0.578238 -0.272807 0.666334 0.707082 -0.236714 -0.553946 0.256907 -0.791923 0.499141 -0.658813 -0.562871
VERTEX_POSE A55 0.603436 0.637917 -0.072830 -0.496859 0.776307 -0.387917 0.720115 0.618265 0.314932 -0.484319 0.122868 0.866221
VERTEX_POSE A56 0.066423 0.162232 0.872028 -0.477042 0.227890 0.848821 -0.662881 -0.727444 -0.177240 -0.577079 0.647218 -0.498085
VERTEX_POSE A57 -0.927152 -0.838325 0.337218 -0.327404 0.536899 0.777526 0.922948 0.358000 0.141433 0.202419 -0.763921 0.612740
VERTEX_POSE A58 -0.077763 0.948400 -0.960626 0.228406 0.962095 -0.149007 0.322849 -0.219243 -0.920707 0.918477 -0.162188 0.360688
VERTEX_POSE A59 0.540550 -0.317589 -0.047253 -0.572924 -0.091559 0.814478 -0.420033 0.886124 -0.195848 0.703797 0.454314 0.546140
VERTEX_POSE A60 -0.207028 -0.896126 -0.054589 -0.459942 -0.073323 -0.884916 0.727345 0.540540 -0.422832 -0.509336 0.838117 0.195286
VERTEX_POSE A61 -0.553003 0.648778 0.029300 0.006868 0.861141 -0.508321 0.949426 -0.165193 -0.267023 -0.313915 -0.480779 -0.818724
VERTEX_POSE A62 -0.157507 0.671594 0.121034 0.514756 0.173745 -0.839547 -0.376280 0.925679 -0.039141 -0.770350 -0.336053 -0.541875
VERTEX_POSE A63 0.018509 0.797382 0.762949 0.543995 -0.678379 0.493833 0.382137 0.724255 0.573956 0.747021 0.123517 -0.653225
VERTEX_POSE A64 -0.242691 0.859013 -0.260772 -0.176460 -0.062989 0.982290 -0.492631 0.869622 -0.032733 -0.852160 -0.489683 -0.184484
VERTEX_POSE A65 -0.275343 0.944719 -0.811314 0.918228 0.070020 -0.389814 -0.223583 0.904056 -0.364271 -0.326907 -0.421639 -0.845785
VERTEX_POSE A66 0.474277 0.901521 -0.483031 0.427050 0.704948 0.566283 -0.685568 0.660775 -0.305572 0.589598 0.257731 -0.765473
VERTEX_POSE A67 -0.545974 -0.049675 -0.220164 0.350629 -0.738487 -0.575930 0.846432 0.513059 -0.142559 -0.400764 0.437500 -0.804973
VERTEX_POSE A68 0.105645 -0.472391 -0.468719 0.622821 -0.781519 -0.036350 0.273021 0.173569 0.946221 0.733180 0.599251 -0.321474
VERTEX_POSE A69 0.367419 -0.845271 -0.386648 -0.634839 -0.205775 -0.744739 0.265415 -0.963308 0.039918 -0.725627 -0.172324 0.666161
VERTEX_POSE A70 0.008496 -0.337428 -0.651552 0.175911 -0.895638 -0.408519 0.623183 0.422566 -0.658089 0.762036 -0.138817 0.632480
VERTEX_POSE A71 0.236533 -0.189309 0.549159 0.002861 0.490877 -0.871224 0.781202 0.542788 0.308390 0.624271 -0.681485 -0.381921
VERTEX_POSE A72 0.913154 -0.216559 0.442960 0.173583 0.011213 -0.984755 0.895561 0.414172 0.162576 0.409681 -0.910129 0.061852
VERTEX_POSE A73 0.821999 0.156360 -0.370121 0.828391 -0.541509 0.143304 -0.212848 -0.540942 -0.813682 -0.518135 -0.643545 0.563371
VERTEX_POSE A74 -0.968252 0.376326 -0.940482 0.317328 -0.480868 0.817354 -0.775884 0.363921 0.515331 -0.545258 -0.797701 -0.257616
VERTEX_POSE A75 -0.283219 -0.587631 -0.725650 -0.336983 -0.716469 -0.610831 0.399495 -0.696287 0.596312 0.852553 0.043077 -0.520863
VERTEX_POSE A76 -0.906949 -0.186699 -0.105149 0.391821 -0.918351 -0.055754 -0.808507 -0.314768 -0.497229 0.439081 0.239902 -0.865826
VERTEX_POSE A77 0.774729 0.188414 -0.294029 0.433791 -0.479655 -0.762730 -0.149192 0.796601 -0.585806 0.888576 0.367911 0.273997
VERTEX_POSE A78 -0.494870 -0.414081 0.076431 0.102113 0.398637 0.911406 -0.757851 -0.562313 0.330857 -0.644387 0.724495 -0.244688
VERTEX_POSE A79 0.114983 -0.905140 0.144774 0.735797 0.432260 -0.521300 0.401016 0.342187 0.849761 -0.545700 0.834302 -0.078437
VERTEX_POSE A80 -0.428502 -0.903027 -0.163931 -0.804206 -0.556955 -0.207496 0.159039 -0.538036 0.827782 -0.572678 0.632707 0.521269
VERTEX_POSE A81 0.438733 0.760960 0.735407 0.559049 0.770007 -0.307497 0.761112 -0.329475 0.558707 -0.328896 0.546384 0.770254
VERTEX_POSE A82 0.313559 0.159869 0.213111 -0.943134 0.331521 0.024340 -0.288704 -0.780627 -0.554320 -0.164769 -0.529825 0.831947
VERTEX_POSE A83 0.850955 0.758276 -0.688919 0.019984 -0.887514 0.460347 0.815635 -0.251817 -0.520891 0.578221 0.385884 0.718856
VERTEX_POSE A84 0.141102 0.057067 0.876116 0.961443 -0.267065 0.065602 0.162361 0.743780 0.648405 0.221960 0.612754 -0.758463
VERTEX_POSE A85 -0.552650 -0.261893 0.940304 0.488589 -0.856344 0.167199 0.477817 0.102268 -0.872486 0.730049 0.506178 0.459143
VERTEX_POSE A86 0.454391 0.396193 0.238251 -0.823905 0.461033 0.329590 0.420166 0.887188 -0.190680 -0.380318 -0.018620 -0.924668
VERTEX_POSE A87 -0.792475 -0.780701 0.748144 -0.278817 0.173108 -0.944613 0.649683 -0.690369 -0.318280 0.707229 0.702441 -0.080021
VERTEX_POSE A88 -0.479802 -0.100219 0.277522 -0.041507 -0.922402 -0.383996 0.975830 -0.119955 0.182664 0.214552 0.367133 -0.905086
VERTEX_POSE A89 -0.623372 0.344594 0.277624 0.716476 -0.529360 0.454357 0.663072 0.719155 -0.207730 0.216789 -0.450105 -0.866261
VERTEX_POSE A90 0.748076 -0.098290 -0.299110 0.718314 -0.311472 0.622102 -0.491436 -0.860101 0.136807 -0.492459 0.403994 0.770891
VERTEX_POSE A91 0.313170 0.003656 -0.777068 0.263587 -0.913987 0.308464 -0.555384 0.117665 0.823228 0.788715 0.388308 0.476599
VERTEX_POSE A92 -0.176375 -0.006629 -0.693075 -0.382392 -0.704061 -0.598393 0.779207 0.102344 -0.618354 0.496601 -0.702726 0.509474
VERTEX_POSE A93 -0.409432 -0.426696 0.821924 0.877770 0.475989 -0.054350 0.082639 -0.038686 0.995828 0.471901 -0.878600 -0.073292
VERTEX_POSE A94 -0.668321 -0.198962 0.985881 0.739036 0.403695 -0.539311 0.648594 -0.210011 0.731588 0.182077 -0.890464 -0.417040
VERTEX_POSE A95 0.580934 -0.147616 0.046153 0.079330 0.512015 0.855305 0.945596 -0.310230 0.098011 0.315524 0.800998 -0.508770
VERTEX_POSE A96 0.315225 -0.481977 -0.989390 -0.732066 0.450528 -0.510983 0.568285 0.817518 -0.093364 -0.375675 0.358732 0.854505
VERTEX_POSE A97 0.805956 -0.297441 -0.497150 0.299730 0.589419 0.750165 -0.790350 0.593811 -0.150783 -0.534330 -0.547699 0.643830
VERTEX_POSE A98 -0.965039 0.802709 0.825988 -0.508796 0.531924 0.676892 -0.644457 0.285980 -0.709148 0.570790 0.797040 -0.197297
VERTEX_POSE A99 -0.579130 0.045632 -0.458109 0.169625 -0.358157 0.918124 0.413170 -0.819952 -0.396194 -0.894717 -0.446545 -0.008896
VERTEX_POSE A100 0.173375 -0.142712 0.116203 -0.750171 -0.305553 -0.586414 -0.333640 -0.590765 0.734630 -0.570902 0.746749 0.341230
VERTEX_POSE A101 0.043456 -0.534719 -0.825563 -0.790637 -0.083211 -0.606604 0.561660 0.295896 -0.772647 -0.243784 0.951589 0.187210
VERTEX_POSE A102 0.657403 0.856323 -0.908950 0.957919 -0.072400 0.277757 -0.074796 -0.997197 -0.001974 -0.277121 0.018884 0.960649
VERTEX_POSE A103 0.086528 0.640729 -0.440837 0.137097 -0.806153 0.575605 0.972995 0.000658 -0.230825 0.185702 0.591706 0.784473
VERTEX_POSE A104 -0.134545 0.621642 -0.195684 0.295566 0.930358 0.216966 0.795921 -0.365420 0.482677 -0.528347 -0.030025 0.848498
VERTEX_POSE A105 0.689150 0.232649 -0.849432 -0.915552 -0.133153 -0.379519 -0.274270 -0.483480 0.831278 -0.294177 0.865169 0.406131
VERTEX_POSE A106 0.803309 -0.946902 -0.166487 0.717633 -0.036483 0.695465 -0.654631 -0.376063 0.655770 0.237614 -0.925876 -0.293758
VERTEX_POSE A107 -0.041494 -0.565058 0.699166 -0.983733 -0.176154 0.035201 -0.016526 -0.106376 -0.994189 0.178875 -0.978598 0.101734
VERTEX_POSE A108 0.463879 -0.578937 -0.143461 -0.383615 0.215079 -0.898098 0.500756 0.865563 -0.006606 0.775940 -0.452263 -0.439745
VERTEX_POSE A109 -0.691561 -0.360983 0.909944 0.866930 -0.475742 0.148664 0.315462 0.754640 0.575328 -0.385896 -0.451872 0.804299
VERTEX_POSE A110 -0.926510 -0.470197 -0.156059 0.294424 -0.496110 0.816817 0.631356 -0.540655 -0.555951 0.717429 0.679388 0.154040
VERTEX_POSE A111 -0.964623 -0.481964 0.692607 0.656960 -0.124712 -0.743539 0.733271 0.334960 0.591706 -0.175263 0.933942 -0.311503
VERTEX_POSE A112 0.747172 -0.600023 0.645351 -0.360155 0.453156 -0.815437 -0.928787 -0.092261 0.358947 0.087426 0.886644 0.454113
VERTEX_POSE A113 0.387049 0.689671 -0.942948 -0.588820 0.662439 -0.463104 0.566410 -0.070557 -0.821097 -0.576602 -0.745786 -0.333666
VERTEX_POSE A114 0.886333 -0.723688 -0.996312 0.539703 0.841499 0.024493 -0.812430 0.512993 0.277120 0.220631 -0.169461 0.960523
VERTEX_POSE A115 -0.111726 0.457044 0.521466 -0.639311 -0.688064 -0.343292 0.433421 -0.691213 0.578248 -0.635159 0.220891 0.740122
VERTEX_POSE A116 0.834399 -0.572222 0.997356 -0.372739 -0.287004 0.882437 0.464510 -0.880951 -0.090313 0.803304 0.376237 0.461681
VERTEX_POSE A117 0.340724 0.672505 0.241939 -0.174604 0.221279 -0.959453 -0.943317 0.241732 0.227418 -0.282254 -0.944776 -0.166528
VERTEX_POSE A118 0.095799 0.676343 0.269610 0.635126 0.398443 0.661709 0.374430 0.590478 -0.714939 -0.675587 0.701840 0.225839
VERTEX_POSE A119 -0.645403 0.327559 0.274877 0.381795 -0.464423 -0.799090 -0.820178 0.228327 -0.524571 -0.426076 -0.855674 0.293735
VERTEX_POSE A120 0.717352 0.017099 -0.480437 -0.688399 -0.386562 -0.613740 0.462696 0.417596 -0.782002 -0.558587 0.822304 0.108612
VERTEX_POSE A121 -0.156125 -0.421946 0.970500 0.490494 0.800328 -0.344805 -0.621919 0.044319 -0.781826 -0.610436 0.597922 0.519478
VERTEX_POSE A122 0.667767 -0.668785 0.497810 0.394950 -0.605291 0.691112 0.864067 0.500294 -0.055621 0.312093 -0.619135 -0.720604
VERTEX_POSE A123 -0.459023 -0.989530 -0.173513 -0.733398 0.026668 0.679276 -0.606792 0.424813 -0.671817 -0.306481 -0.904888 -0.295375
VERTEX_POSE A124 0.434443 0.151357 0.792424 -0.733478 -0.508777 0.450729 0.283579 0.373595 0.883182 0.617732 -0.775612 0.129745
VERTEX_POSE A125 0.999446 0.132253 0.483691 -0.149704 0.727513 0.669562 0.051842 -0.670486 0.740109 0.987371 0.145509 0.062659
VERTEX_POSE A126 -0.878089 -0.137146 0.872640 0.798284 0.424659 0.427091 -0.087069 0.783044 -0.615842 0.595954 -0.454430 -0.662066
VERTEX_POSE A127 -0.250331 0.669380 0.803035 0.794370 0.592758 0.132718 -0.582498 0.681396 0.443164 -0.172256 0.429344 -0.886562
VERTEX_POSE A128 0.805402 0.834812 0.986542 -0.549320 0.691071 0.469754 -0.592256 0.074582 -0.802291 0.589475 0.718929 -0.368322
VERTEX_POSE A129 -0.843128 -0.334436 0.698628 -0.686141 0.334297 -0.646109 0.666103 -0.068320 -0.742724 -0.292432 -0.939988 -0.175799
VERTEX_POSE A130 0.170539 -0.284988 -0.655075 -0.233332 0.953990 -0.188306 -0.304625 -0.255616 -0.917532 -0.923450 -0.156727 0.350252
VERTEX_POSE A131 -0.021223 -0.307900 0.102744 0.582913 0.789351 -0.192709 -0.386217 0.477832 0.788995 -0.714877 0.385488 -0.583395
VERTEX_POSE A132 0.200328 0.130845 0.873065 0.892094 0.436636 0.116263 0.409382 -0.889940 0.201030 0.191244 -0.131742 -0.972661
VERTEX_POSE A133 -0.172058 -0.428665 -0.564025 0.539482 0.230320 0.809884 -0.314464 0.947375 -0.059949 0.781070 0.222338 -0.583519
VERTEX_POSE A134 -0.934695 -0.667170 0.661907 -0.375031 -0.479526 -0.793352 0.915834 -0.059155 -0.397175 0.143525 -0.875532 0.461351
VERTEX_POSE A135 -0.934217 -0.247513 -0.322619 -0.645652 0.243897 -0.723635 0.741572 0.426381 -0.517947 -0.182219 0.871042 0.456161
VERTEX_POSE A136 -0.482908 0.803984 -0.413457 0.709076 0.421993 0.564918 0.199293 0.648553 -0.734617 0.676382 -0.633483 -0.375773
VERTEX_POSE A137 0.868614 -0.614072 -0.504580 0.897523 -0.060200 0.436840 0.396726 -0.322250 -0.859514 -0.192514 -0.944739 0.265344
VERTEX_POSE A138 0.024289 0.187429 -0.623452 -0.462299 0.518815 -0.719104 0.697652 -0.287749 -0.656111 0.547322 0.805004 0.228927
VERTEX_POSE A139 0.980971 -0.774952 0.443081 -0.467584 0.497826 0.730434 -0.047202 -0.839214 0.541749 0.882687 0.218835 0.415902
VERTEX_POSE A140 -0.822946 0.024944 -0.594636 -0.094810 -0.700085 0.707737 -0.679121 -0.474333 -0.560181 -0.727877 0.533750 0.430472
VERTEX_POSE A141 0.097779 0.717232 0.220488 -0.179349 0.854757 0.487057 -0.952823 -0.027691 -0.302262 0.244873 0.518290 -0.819398
VERTEX_POSE A142 -0.983652 -0.256916 0.135689 0.223221 0.941431 -0.252746 0.476144 0.120943 0.871011 0.850564 -0.314771 -0.421259
VERTEX_POSE A143 0.924226 0.424921 -0.949286 0.851513 0.427616 -0.303430 -0.290117 0.866283 0.406677 0.436758 -0.258260 0.861710
VERTEX_POSE A144 -0.515172 0.406903 0.277541 0.570789 0.769269 0.287096 -0.200125 0.469442 -0.859985 0.796335 -0.433415 -0.421902
VERTEX_POSE A145 0.902681 0.019396 0.139377 -0.464306 0.876522 0.127001 -0.867890 -0.478872 0.132090 0.176597 -0.048892 0.983068
VERTEX_POSE A146 -0.187500 -0.118035 0.572181 -0.919514 0.380574 0.098272 -0.297199 -0.509564 -0.807476 0.257228 0.771692 -0.581657
VERTEX_POSE A147 -0.680774 0.834681 0.274897 0.854115 0.134836 0.502302 -0.370062 -0.521058 0.769125 -0.365434 0.842804 0.395145
VERTEX_POSE A148 0.243405 -0.308099 -0.618684 0.080797 0.943805 0.320473 -0.148188 0.329326 -0.932515 0.985653 -0.027854 -0.166470
VERTEX_POSE A149 0.908299 -0.441691 -0.158209 0.685092 -0.550066 0.477574 0.360311 -0.313907 -0.878430 -0.633108 -0.773880 0.016860
VERTEX_POSE A150 -0.326177 0.162240 -0.450226 0.238214 0.696679 0.676677 0.664645 0.391090 -0.636629 -0.708168 0.601403 -0.369881
VERTEX_POSE A151 -0.039243 0.708999 -0.099122 -0.080659 0.995194 -0.055529 0.995287 0.077407 -0.058414 -0.053835 -0.059979 -0.996747
VERTEX_POSE A152 -0.247826 0.136362 -0.187709 -0.122146 -0.822798 -0.555054 0.477623 -0.538957 0.693831 0.870033 0.180358 -0.458818
VERTEX_POSE A153 -0.658410 0.493455 -0.952416 0.151548 -0.480223 0.863956 -0.795895 -0.577605 -0.181447 -0.586160 0.660120 0.469742
VERTEX_POSE A154 0.501734 0.719470 0.727366 0.455637 -0.867330 0.200332 -0.871471 -0.480505 -0.098248 0.181474 -0.129818 -0.974790
VERTEX_POSE A155 -0.813383 -0.712280 -0.395285 -0.737423 -0.644198 -0.203018 -0.582558 0.454506 0.673833 0.341809 -0.615170 0.710445
VERTEX_POSE A156 -0.658964 -0.374292 0.531275 -0.933252 0.189835 0.304966 0.358925 0.458172 0.813174 -0.014641 -0.868356 0.495726
VERTEX_POSE A157 0.623645 -0.417676 0.600006 -0.659514 -0.739393 -0.135422 0.192034 -0.339908 0.920644 0.726749 -0.581172 -0.366163
VERTEX_POSE A158 -0.063714 0.957100 -0.592250 -0.341353 0.939895 0.008682 0.920722 0.336219 -0.198062 -0.189076 -0.059616 -0.980151
VERTEX_POSE A159 -0.853562 -0.539480 0.517817 -0.893778 0.397187 -0.208335 0.202637 -0.056791 -0.977606 0.400124 0.915979 0.029726
VERTEX_POSE A160 0.780517 0.247888 0.298634 0.720783 0.221389 -0.656856 0.582177 -0.707685 0.400315 -0.376222 -0.670946 -0.638974
VERTEX_POSE A161 -0.893175 -0.327888 -0.247325 0.145756 0.022803 -0.989058 -0.529085 0.846553 -0.058453 0.835957 0.531815 0.135455
VERTEX_POSE A162 0.125215 0.152621 -0.379439 -0.430646 -0.616519 -0.659127 0.743385 -0.656441 0.128310 0.511784 0.434729 -0.741004
VERTEX_POSE A163 -0.019156 -0.621267 0.171700 0.574258 0.691314 -0.438535 0.415625 0.215315 0.883683 -0.705325 0.689728 0.163681
VERTEX_POSE A164 -0.065234 0.243446 0.188650 -0.015549 -0.551719 -0.833885 0.724235 0.568786 -0.389827 0.689377 -0.609991 0.390730
VERTEX_POSE A165 0.190520 0.485451 -0.717532 0.422835 0.138443 -0.895569 -0.279589 -0.920120 -0.274244 0.861998 -0.366352 0.350352
VERTEX_POSE A166 0.046627 0.131220 0.849081 -0.730104 0.644430 0.227286 0.358922 0.644688 -0.674946 0.581484 0.411202 0.701989
VERTEX_POSE A167 0.451858 0.047431 0.775193 -0.767579 -0.372881 -0.521328 0.106805 0.727580 -0.677658 -0.631993 0.575837 0.518649
VERTEX_POSE A168 0.059134 0.871378 -0.222113 -0.397509 0.243952 0.884576 0.641522 -0.615377 0.457997 0.656076 0.749533 0.088117
VERTEX_POSE A169 -0.929084 -0.681351 -0.774372 0.361163 -0.032869 0.931923 -0.400789 -0.907835 0.123305 -0.841979 0.418038 0.341050
VERTEX_POSE A170 0.432829 0.272478 0.218275 -0.220783 -0.079111 0.972109 -0.830273 0.538227 -0.144769 -0.511763 -0.839079 -0.184515
VERTEX_POSE A171 0.236188 -0.103677 0.183251 0.197538 0.609207 0.768014 0.955959 -0.293200 -0.013306 0.217075 0.736818 -0.640295
VERTEX_POSE A172 0.168695 -0.964119 0.446117 0.499729 -0.257669 -0.826969 0.297139 -0.845799 0.443094 0.813621 0.467152 0.346107
VERTEX_POSE A173 0.449178 -0.984438 -0.646037 0.617487 0.647832 0.446119 0.186360 -0.671506 0.717181 -0.764185 0.359712 0.535377
VERTEX_POSE A174 0.160413 -0.678756 0.233965 -0.562931 0.743677 -0.360629 -0.787030 -0.349092 0.508644 -0.252374 -0.570157 -0.781811
VERTEX_POSE A175 0.653523 0.442784 -0.276343 -0.381650 0.109617 0.917784 -0.908252 -0.228738 -0.350367 0.171526 -0.967297 0.186857
VERTEX_POSE A176 0.351859 0.034958 0.493340 0.616942 0.716469 -0.325662 -0.266677 -0.199005 -0.943017 -0.740450 0.668633 0.068291
VERTEX_POSE A177 0.972913 0.203209 -0.193854 -0.311119 0.935281 0.168687 -0.089552 -0.205557 0.974539 -0.946142 -0.288091 -0.147709
VERTEX_POSE A178 0.972749 0.277465 0.998554 0.737958 -0.521223 0.428654 0.631812 0.310423 -0.710247 -0.237133 -0.794961 -0.558394
VERTEX_POSE A179 -0.404736 0.726858 0.874656 0.949910 -0.153069 -0.272472 -0.243948 -0.908120 -0.340306 0.195347 -0.389729 0.899973
VERTEX_POSE A180 0.881212 0.761518 0.647937 -0.461365 0.371073 0.805883 -0.773259 -0.613523 -0.160188 -0.434986 0.697061 -0.569994
VERTEX_POSE A181 -0.353428 -0.560295 -0.451672 -0.650750 -0.464431 0.600690 0.310586 -0.884723 -0.347566 0.692865 -0.039612 0.719979
VERTEX_POSE A182 0.556021 0.435858 -0.224466 -0.049974 0.000303 -0.998750 0.678111 -0.734166 -0.034153 -0.733259 -0.678970 0.036483
VERTEX_POSE A183 -0.366614 -0.102119 -0.539772 -0.220921 0.501742 -0.836331 0.678018 -0.537391 -0.501500 -0.701060 -0.677839 -0.221469
VERTEX_POSE A184 -0.011837 0.933161 -0.404088 -0.500227 0.271625 0.822188 -0.333579 0.815784 -0.472463 -0.799060 -0.510604 -0.317469
VERTEX_POSE A185 0.057755 0.155327 -0.497100 0.106673 0.630991 -0.768422 0.675317 0.521249 0.521772 -0.729772 0.574587 0.370516
VERTEX_POSE A186 -0.179996 0.185600 0.064944 -0.496730 -0.064766 0.865485 -0.675763 -0.596892 -0.432509 0.544613 -0.799703 0.252728
VERTEX_POSE A187 0.329199 -0.441131 -0.872813 -0.390530 -0.189554 0.900864 0.347663 0.875739 0.334981 0.852418 -0.444017 0.276101
VERTEX_POSE A188 -0.318600 0.737651 -0.897094 0.178991 -0.617037 -0.766307 0.151172 0.786885 -0.598297 0.972167 -0.008754 0.234124
VERTEX_POSE A189 0.756290 0.142700 0.472694 0.112476 0.871373 0.477554 0.945318 -0.241909 0.218754 -0.306141 -0.426836 0.850934
VERTEX_POSE A190 0.475637 0.019389 0.645003 0.656085 -0.348754 0.669270 -0.718270 -0.016404 0.695571 -0.231605 -0.937071 -0.261262
VERTEX_POSE A191 -0.538083 -0.014461 0.401540 0.741015 0.164802 0.650951 -0.588175 0.626990 0.510817 -0.323956 -0.761396 0.561541
VERTEX_POSE A192 0.863114 0.814812 -0.774631 0.626297 -0.480278 0.614072 -0.274673 0.601236 0.750380 -0.729593 -0.638630 0.244633
VERTEX_POSE A193 -0.399148 -0.827990 -0.734436 0.474485 -0.102675 0.874255 0.732050 0.597571 -0.327126 0.488842 -0.795215 -0.358702
VERTEX_POSE A194 0.442761 0.364272 -0.426760 0.611824 0.780857 0.126231 0.290046 -0.369941 0.882620 0.735898 -0.503395 -0.452823
VERTEX_POSE A195 -0.202119 0.058258 0.414019 -0.309855 0.557848 -0.769932 -0.395776 0.660618 0.637923 -0.864495 -0.502384 -0.016087
VERTEX_POSE A196 0.791371 0.657461 -0.451968 -0.082367 -0.752906 -0.652953 -0.095339 -0.646222 0.757171 -0.992031 0.124618 -0.018554
VERTEX_POSE A197 -0.510612 -0.504508 -0.577680 -0.984557 -0.070833 -0.160093 -0.170715 0.591010 0.788393 -0.038772 -0.803548 0.593976
VERTEX_POSE A198 -0.750261 -0.894311 0.189213 -0.241990 -0.660861 0.710425 -0.767102 -0.318035 -0.557143 0.594134 -0.679791 -0.429987
VERTEX_POSE A199 -0.149495 0.528839 0.325919 -0.999062 0.039156 0.018482 0.022595 0.107356 0.993964 -0.036935 -0.993449 0.108140
VERTEX_POSE A200 -0.439696 -0.185859 -0.352052 0.412909 0.082553 0.907023 0.613495 0.710845 -0.343982 -0.673150 0.698487 0.242869
VERTEX_POSE A201 0.682568 0.378167 -0.592513 0.447565 -0.658271 0.605281 0.489231 -0.386342 -0.781917 0.748558 0.646080 0.149133
VERTEX_POSE A202 -0.913307 -0.574838 -0.490830 -0.500063 0.569588 0.652309 0.703145 -0.172631 0.689772 -0.505494 -0.803597 0.314177
VERTEX_POSE A203 0.728999 -0.149978 -0.905935 -0.935466 -0.157590 -0.316336 -0.023016 -0.866014 0.499490 -0.352666 0.474536 0.806500
VERTEX_POSE A204 0.131745 0.393729 -0.238550 -0.778816 0.535698 0.326301 0.626646 0.641639 0.442283 0.027563 0.548933 -0.835412
VERTEX_POSE A205 0.247106 -0.253594 0.743136 -0.164516 -0.140084 0.976376 0.605631 -0.795653 -0.012108 -0.778553 -0.589332 -0.215737
VERTEX_POSE A206 0.382522 -0.707194 -0.182278 0.492659 0.563600 0.663055 -0.756463 -0.099286 0.646456 0.430175 -0.820059 0.377428
VERTEX_POSE A207 -0.516396 -0.571313 -0.745210 0.618982 0.741201 -0.259774 -0.765680 0.643134 0.010584 0.174914 0.192352 0.965612
VERTEX_POSE A208 0.220019 0.949615 -0.450718 0.332522 -0.904683 -0.266417 0.928494 0.264523 0.260626 -0.165311 -0.334031 0.927952
VERTEX_POSE A209 0.355271 0.570271 -0.183724 0.930592 -0.310612 0.193695 -0.079600 -0.688186 -0.721154 0.357298 0.655682 -0.665146
VERTEX_POSE A210 0.078868 -0.844455 -0.870554 0.198345 -0.628902 -0.751759 -0.902357 -0.416600 0.110439 0.382638 -0.656450 0.650125
VERTEX_POSE A211 0.101232 0.711134 -0.802781 -0.705960 0.168868 -0.687825 -0.550457 -0.741920 0.382821 -0.445665 0.648874 0.616721
VERTEX_POSE A212 -0.998156 -0.990024 0.364603 -0.507030 -0.849730 -0.144500 -0.292547 0.011960 0.956176 0.810763 -0.527083 0.254650
VERTEX_POSE A213 -0.365111 0.591403 -0.095020 0.915700 -0.377391 0.138095 -0.028884 -0.404557 -0.914057 0.400824 0.833012 -0.381353
VERTEX_POSE A214 0.734618 -0.390986 -0.342552 -0.777545 -0.586043 -0.227987 -0.601234 0.586620 0.542582 -0.184235 0.558956 -0.808471
VERTEX_POSE A215 -0.009994 0.943137 0.960515 -0.875177 0.349664 -0.334367 0.197053 -0.373570 -0.906430 0.441855 0.859175 -0.258037
VERTEX_POSE A216 0.692644 -0.253270 0.407880 0.636543 0.237373 -0.733804 0.111505 -0.969786 -0.216983 -0.763138 0.056296 -0.643778
VERTEX_POSE A217 -0.445378 0.794615 0.722391 0.733214 -0.066652 -0.676723 0.291303 -0.868456 0.401156 0.614442 0.491265 0.617349
VERTEX_POSE A218 -0.680795 -0.497994 -0.912298 -0.331925 0.596929 -0.730412 0.932252 0.325774 -0.157409 0.143987 -0.733176 -0.664621
VERTEX_POSE A219 -0.625957 -0.515619 0.510786 -0.776637 0.593612 0.210855 0.432198 0.258589 0.863908 0.458301 0.762074 -0.457388
VERTEX_POSE A220 -0.689088 -0.062685 0.195085 -0.524784 -0.796824 -0.299454 -0.639244 0.601204 -0.479501 0.562111 -0.060211 -0.824867
VERTEX_POSE A221 0.794842 0.521395 0.732705 -0.446385 0.334885 -0.829815 -0.708143 -0.699124 0.098791 0.547060 -0.631726 -0.549225
VERTEX_POSE A222 -0.164040 0.469920 -0.087674 0.876864 -0.295214 -0.379417 0.475150 0.412225 0.777369 -0.073085 -0.861928 0.501736
VERTEX_POSE A223 -0.825974 -0.247873 0.420454 0.536148 -0.504665 0.676653 0.580226 -0.361880 -0.729644 0.613093 0.783809 0.098799
VERTEX_POSE A224 -0.604306 0.693405 0.998269 0.171056 0.572760 -0.801677 0.973990 0.024419 0.225270 0.148601 -0.819359 -0.553686
VERTEX_POSE A225 -0.721279 -0.165808 0.485565 0.534588 0.658269 0.529998 0.845081 -0.421878 -0.328417 0.007407 0.623459 -0.781821
VERTEX_POSE A226 -0.028094 0.810385 -0.165526 -0.114101 0.619473 -0.776681 -0.667636 0.531123 0.521699 0.735692 0.578067 0.352982
VERTEX_POSE A227 -0.812935 0.350866 -0.453699 0.676252 0.528093 0.513615 -0.259675 -0.481575 0.837051 -0.689385 0.699431 0.188533
VERTEX_POSE A228 -0.231891 0.329684 0.907885 0.370317 0.925414 -0.080459 -0.777286 0.261281 -0.572327 -0.508617 0.274483 0.816068
VERTEX_POSE A229 0.221645 0.916074 -0.976314 -0.842168 -0.519867 0.143150 -0.354927 0.734304 0.578640 0.405931 -0.436505 0.802922
VERTEX_POSE A230 0.037570 -0.120295 0.872221 0.134394 -0.780698 -0.610286 -0.302062 -0.618838 0.725119 0.943767 -0.086893 0.318988
VERTEX_POSE A231 0.328414 -0.856175 -0.444167 -0.836216 -0.464904 -0.290872 -0.123564 -0.357035 0.925882 -0.534298 0.810179 0.241114
VERTEX_POSE A232 -0.095787 0.294241 -0.568827 0.331647 -0.391013 0.858556 -0.942300 -0.181310 0.281422 0.045626 -0.902350 -0.428582
VERTEX_POSE A233 0.124263 0.304867 -0.618609 -0.348959 0.862736 -0.365943 -0.840894 -0.460632 -0.284105 0.413673 -0.208578 -0.886211
VERTEX_POSE A234 0.057413 -0.006153 -0.350102 0.393190 -0.465137 -0.793127 -0.709173 -0.702444 0.060385 -0.585214 0.538721 -0.606056
VERTEX_POSE A235 -0.964041 -0.312030 0.192624 0.655231 -0.340330 -0.674424 0.426217 -0.570554 0.702002 -0.623708 -0.747425 -0.228790
VERTEX_POSE A236 -0.628631 -0.948727 -0.875473 0.633426 -0.673599 -0.380836 -0.550419 -0.738146 0.390103 -0.543885 -0.037482 -0.838322
VERTEX_POSE A237 -0.560065 0.286652 0.467620 -0.715133 -0.696384 -0.060276 -0.349355 0.430783 -0.832092 -0.605422 0.573999 0.551352
VERTEX_POSE A238 -0.480437 0.116657 0.447414 0.790897 0.416534 0.448310 0.288351 0.392501 -0.873382 0.539755 -0.820026 -0.190320
VERTEX_POSE A239 0.591388 -0.999111 -0.326191 0.439986 0.813127 0.381098 0.897786 -0.407672 -0.166688 0.019825 0.415485 -0.909384
VERTEX_POSE A240 0.795206 -0.143077 -0.716104 -0.766762 0.105819 0.633150 0.313824 0.922212 0.225920 -0.559992 0.371924 -0.740325
VERTEX_POSE A241 0.598430 0.272202 0.576860 -0.413657 0.600650 -0.684184 -0.551482 0.432627 0.713233 0.724399 0.672349 0.152288
VERTEX_POSE A242 -0.307380 0.712023 -0.128971 0.479415 -0.060873 -0.875475 -0.877320 -0.008562 -0.479830 0.021713 0.998109 -0.057510
VERTEX_POSE A243 0.797050 -0.133101 0.648499 0.341789 -0.371069 -0.863417 0.839712 -0.291948 0.457875 -0.421976 -0.881518 0.211806
VERTEX_POSE A244 -0.766681 -0.136395 -0.518160 -0.890563 0.074956 -0.448642 0.449702 0.293213 -0.843679 0.068309 -0.953104 -0.294832
VERTEX_POSE A245 -0.572762 -0.678963 0.528476 0.057743 -0.944168 -0.324364 -0.090201 0.318643 -0.943573 0.994248 0.083743 -0.066766
VERTEX_POSE A246 -0.212944 -0.189964 0.609014 0.031537 0.711844 0.701629 -0.705835 0.512880 -0.488621 -0.707674 -0.479825 0.518619
VERTEX_POSE A247 0.925963 0.610335 0.889720 -0.291658 0.832007 0.471911 -0.734240 0.121464 -0.667935 -0.613047 -0.541305 0.575467
VERTEX_POSE A248 -0.018140 -0.884348 0.250868 0.292582 0.869469 0.398018 -0.266108 0.473824 -0.839451 -0.918467 0.139692 0.370005
VERTEX_POSE A249 0.106262 0.312042 0.696716 0.944396 -0.065759 0.322167 0.094431 0.992764 -0.074178 0.314958 -0.100477 -0.943772
VERTEX_POSE A250 -0.699994 -0.905283 0.400506 0.335351 -0.408243 -0.849045 -0.941663 -0.172485 -0.288997 -0.028467 0.896430 -0.442271
VERTEX_POSE A251 0.292772 0.052967 -0.554047 0.062075 -0.875474 0.479261 0.430571 0.456695 0.778484 0.900419 -0.158032 -0.405303
VERTEX_POSE A252 -0.098896 -0.166563 0.429421 0.051582 -0.809373 -0.585025 -0.572878 0.455855 -0.681181 -0.818016 -0.370284 0.440158
VERTEX_POSE A253 0.135966 0.564637 -0.687169 -0.330704 0.420395 0.844927 0.927081 0.312166 0.207540 0.176509 -0.851951 0.492975
VERTEX_POSE A254 0.466798 0.805094 0.866407 0.477660 0.801797 -0.359114 0.823009 -0.551402 -0.136429 -0.307404 -0.230388 -0.923268
VERTEX_POSE A255 0.296798 -0.473158 0.427690 0.458584 0.877935 0.137594 0.406582 -0.069606 -0.910959 0.790185 -0.473694 0.388872
VERTEX_POSE A256 0.414687 -0.601171 0.798397 -0.656735 -0.640789 -0.397605 0.595596 -0.764131 0.247728 0.462563 0.074120 -0.883483
VERTEX_POSE A257 -0.561296 0.615479 -0.299119 -0.724211 0.215677 0.654982 -0.543955 -0.762460 -0.350381 -0.423829 0.610031 -0.669501
VERTEX_POSE A258 0.483863 0.877708 0.973991 0.489542 -0.777323 0.395118 -0.057078 -0.480721 -0.875014 0.870110 0.405803 -0.279701
VERTEX_POSE A259 -0.817204 0.728513 0.706282 0.785276 0.411169 -0.462905 0.017987 0.732186 0.680868 0.618884 -0.542996 0.567572
VERTEX_POSE A260 0.660349 0.531553 -0.275433 -0.704428 0.049058 0.708078 -0.497439 0.677490 -0.541813 0.506296 0.733894 0.452839
VERTEX_POSE A261 -0.478567 -0.242586 0.846212 -0.606350 0.434200 -0.666191 -0.466517 0.484212 0.740203 0.643974 0.759612 -0.091040
VERTEX_POSE A262 0.511210 0.872338 -0.737885 -0.685140 -0.674940 -0.273932 -0.164268 0.509548 -0.844617 0.709647 -0.533683 -0.459983
VERTEX_POSE A263 -0.435438 -0.174206 0.155740 -0.330277 -0.219115 0.918099 -0.571385 0.820625 -0.009698 0.751290 0.527791 0.396232
VERTEX_POSE A264 0.645696 -0.937719 -0.772397 -0.739376 -0.380747 0.555297 -0.664078 0.276410 -0.694693 0.111013 -0.882400 -0.457217
VERTEX_POSE A265 -0.431377 -0.133816 -0.087987 0.211153 -0.878566 -0.428412 0.676848 -0.184786 0.712552 -0.705188 -0.440427 0.555638
VERTEX_POSE A266 -0.399479 0.513764 -0.651636 0.493191 0.508138 -0.706086 0.452628 -0.843038 -0.290542 -0.742893 -0.176302 -0.645777
VERTEX_POSE A267 -0.982935 -0.886446 -0.647870 0.734809 0.264858 0.624425 0.631916 0.067181 -0.772120 -0.246451 0.961944 -0.118002
VERTEX_POSE A268 0.008558 -0.847163 -0.620366 0.622027 -0.149671 0.768558 0.136661 0.987247 0.081653 0.770978 -0.054241 -0.634548
VERTEX_POSE A269 0.120083 -0.369579 0.795778 -0.031435 -0.597781 0.801043 0.892596 -0.377423 -0.246626 -0.449760 -0.707255 -0.545441
VERTEX_POSE A270 0.608454 -0.885557 0.025940 0.370193 -0.665664 -0.647957 0.673991 0.672480 -0.305790 -0.639292 0.323515 -0.697599
VERTEX_POSE A271 -0.196236 0.009760 -0.336471 0.242537 0.223588 -0.944026 -0.404712 0.907682 0.111003 0.881694 0.355136 0.310635
VERTEX_POSE A272 -0.281486 0.902624 0.372638 0.693991 0.406948 -0.593944 0.719808 -0.410344 0.559905 0.015869 0.816095 0.577700
VERTEX_POSE A273 -0.698926 0.826466 0.896968 -0.358243 0.717181 0.597757 -0.852273 -0.512606 0.104241 0.381174 -0.472109 0.794871
VERTEX_POSE A274 -0.399186 0.876659 -0.687972 -0.973454 -0.091172 0.209942 -0.185757 0.850588 -0.491930 0.133724 0.517869 0.844943
VERTEX_POSE A275 -0.048167 -0.233771 0.854479 0.443712 -0.233099 -0.865323 -0.876351 -0.314800 -0.364567 0.187424 -0.920090 0.343957
VERTEX_POSE A276 -0.271688 -0.852497 0.425445 -0.367568 -0.701020 0.611118 -0.883157 0.057198 -0.465578 0.291424 -0.710844 -0.640134
VERTEX_POSE A277 0.387870 -0.313305 0.921043 0.191229 -0.920029 -0.342021 -0.980768 -0.165232 -0.103890 0.039069 0.355310 -0.933932
VERTEX_POSE A278 -0.122204 -0.623436 0.744199 0.063372 0.490066 0.869379 -0.493732 0.772449 -0.399437 -0.867302 -0.403927 0.290913
VERTEX_POSE A279 0.710173 -0.736846 -0.323688 0.048325 -0.871320 -0.488330 0.905204 -0.168461 0.390162 -0.422220 -0.460893 0.780582
VERTEX_POSE A280 -0.505868 0.998737 0.617758 -0.741716 0.662192 -0.106579 -0.622490 -0.620477 0.476985 0.249726 0.420132 0.872425
VERTEX_POSE A281 0.177802 -0.528719 0.144704 0.144430 0.638271 0.756142 0.894693 0.242186 -0.375327 0.422688 -0.730723 0.536077
VERTEX_POSE A282 0.002944 0.316121 0.122265 0.049611 0.152948 0.986988 0.990555 -0.134011 -0.029023 0.127828 0.979106 -0.158151
VERTEX_POSE A283 0.395236 -0.167826 0.047179 0.463743 0.319198 0.826471 -0.261767 0.940562 -0.216381 -0.846416 -0.115998 0.519735
VERTEX_POSE A284 -0.686232 -0.964082 0.457536 -0.291156 0.523050 0.801029 -0.807135 0.315191 -0.499187 0.513577 0.791879 -0.330402
VERTEX_POSE A285 -0.530258 0.121215 -0.011328 -0.473621 -0.618889 -0.626625 -0.873811 0.419198 0.246428 0.110169 0.664266 -0.739333
VERTEX_POSE A286 -0.307966 0.359016 -0.525131 0.145587 0.717669 0.680996 0.178035 0.658088 -0.731589 0.973195 -0.227751 0.031962
VERTEX_POSE A287 0.728455 -0.565253 0.255932 -0.374700 -0.641730 0.669165 0.912790 -0.381853 0.144920 -0.162523 -0.665109 -0.728846
VERTEX_POSE A288 -0.091554 -0.263307 0.689553 0.064446 -0.293607 0.953751 -0.265121 -0.926429 -0.267282 -0.962059 0.235634 0.137546
VERTEX_POSE A289 -0.824103 0.236724 -0.551139 -0.181958 -0.337294 0.923647 -0.213490 -0.903370 -0.371946 0.959851 -0.264868 0.092366
VERTEX_POSE A290 0.911251 -0.836740 -0.037786 -0.443616 0.857710 0.259881 0.554758 0.490544 -0.672020 0.703881 0.153948 0.693434
VERTEX_POSE A291 -0.431205 -0.731754 -0.585880 -0.742720 0.668585 -0.036885 -0.578365 -0.612788 0.538502 -0.337432 -0.421289 -0.841817
VERTEX_POSE A292 -0.302670 0.994138 -0.704927 -0.513394 -0.679005 0.524765 0.858153 -0.406414 0.313689 0.000275 0.611375 0.791341
VERTEX_POSE A293 0.422461 -0.964403 0.224329 -0.715964 0.681267 -0.152547 -0.294156 -0.096214 0.950902 -0.633141 -0.725685 -0.269285
VERTEX_POSE A294 0.133358 0.094039 0.569861 0.622462 -0.304502 0.720985 0.641790 0.725830 -0.247541 0.447936 -0.616805 -0.647228
VERTEX_POSE A295 -0.656974 -0.943581 -0.477324 -0.216378 0.648199 0.730082 0.911670 -0.133428 0.388659 -0.349341 -0.749690 0.562072
VERTEX_POSE A296 0.991083 -0.098218 -0.863657 -0.825351 -0.561630 -0.058039 0.534208 -0.743477 -0.402323 -0.182806 0.363063 -0.913656
VERTEX_POSE A297 0.733878 -0.392197 0.918225 0.599764 -0.626675 -0.497556 -0.441219 0.259733 -0.858990 0.667539 0.734723 -0.120723
VERTEX_POSE A298 -0.639909 -0.830027 -0.125194 0.497178 0.267345 0.825434 0.730413 -0.642444 -0.231867 -0.468306 -0.718187 0.514681
VERTEX_POSE A299 -0.000359 0.054619 -0.484024 -0.674190 -0.532516 0.511757 -0.113268 -0.610165 -0.784136 0.729821 -0.586622 0.351050
VERTEX_POSE A300 -0.146038 0.238225 0.714003 -0.755196 -0.480302 -0.446082 -0.191166 -0.489563 0.850754 0.627005 -0.727762 -0.277899
VERTEX_POSE A301 0.968545 -0.715584 0.900746 -0.685365 0.515640 -0.514189 -0.127116 -0.779984 -0.612753 0.717019 0.354598 -0.600120
VERTEX_POSE A302 0.803405 -0.935621 0.179506 -0.103864 0.944061 -0.312986 -0.642255 -0.303942 -0.703653 0.759421 -0.127933 -0.637897
VERTEX_POSE A303 0.572476 0.140848 0.086641 -0.476587 0.873224 0.101713 0.115374 -0.052571 0.991930 0.871524 0.484476 -0.075693
VERTEX_POSE A304 -0.730381 -0.889118 0.797714 0.462103 0.572460 0.677311 0.063570 0.740400 -0.669154 -0.884545 0.352275 0.305750
VERTEX_POSE A305 -0.595781 0.941038 0.491534 -0.783959 0.603677 -0.144850 0.394090 0.303636 -0.867466 -0.479688 -0.737143 -0.475942
