VERTEX_POSE A0 0.828578 0.883682 0.310661 -0.875328 -0.016755 -0.483239 -0.241929 0.880486 0.407695 -0.418655 -0.473776 0.774768
VERTEX_POSE A1 -0.404298 -0.009974 0.277809 0.457185 -0.642873 -0.614569 0.629192 0.722174 -0.287370 -0.628569 0.255301 -0.734658
VERTEX_POSE A2 -0.503432 -0.649475 0.642637 0.560472 0.676743 -0.477378 -0.821746 0.382765 -0.422166 -0.102974 0.628896 0.770640
VERTEX_POSE A3 -0.325300 0.767724 -0.667706 -0.401911 -0.580802 -0.707910 0.813162 0.129055 -0.567550 -0.420993 0.803750 -0.420417
VERTEX_POSE A4 -0.432342 -0.517790 -0.628629 -0.533928 -0.373139 0.758741 0.817004 0.003446 0.576622 0.217774 -0.927769 -0.303016
VERTEX_POSE A5 -0.360640 -0.378770 -0.029950 -0.553535 -0.832498 0.023359 0.764062 -0.518791 -0.383491 0.331374 -0.194428 0.923249
VERTEX_POSE A6 -0.805229 0.844639 0.914314 -0.767999 0.485960 0.417157 -0.017935 -0.667413 0.744472 -0.640200 -0.564272 -0.521288
VERTEX_POSE A7 -0.169743 0.613193 0.904991 0.543152 -0.707673 0.451867 0.282770 -0.352561 -0.892043 -0.790586 -0.612290 -0.008615
VERTEX_POSE A8 0.461347 -0.584399 0.402156 -0.686024 -0.099277 0.720774 -0.336353 0.921709 -0.193183 0.645165 0.374963 0.665706
VERTEX_POSE A9 0.267130 -0.988831 0.047926 -0.604089 -0.772210 -0.196899 0.510188 -0.564553 0.648836 0.612197 -0.291499 -0.735012
VERTEX_POSE A10 0.939262 -0.378570 -0.334648 0.779023 -0.413208 -0.471575 0.625185 0.454806 0.634267 0.047609 0.788930 -0.612636
VERTEX_POSE A11 0.141661 -0.651464 -0.827729 -0.505122 -0.705849 0.496618 -0.801852 0.596641 0.032429 0.319193 0.381833 0.867363
VERTEX_POSE A12 -0.409745 -0.861723 0.596657 0.371011 0.130064 -0.919475 -0.195064 0.978968 0.059771 0.907910 0.157181 0.388578
VERTEX_POSE A13 0.136403 0.066019 0.476157 0.032474 -0.855300 0.517115 0.321280 -0.480995 -0.815735 0.946427 0.192629 0.259171
VERTEX_POSE A14 0.566537 -0.809491 0.561756 -0.302341 -0.128114 0.944551 0.382514 -0.923945 -0.002880 0.873083 0.360433 0.328352
VERTEX_POSE A15 0.384663 -0.682702 0.632650 -0.614617 0.596270 0.516438 0.788480 0.444998 0.424589 0.023355 0.668161 -0.743650
VERTEX_POSE A16 0.667820 0.715645 -0.971171 0.798211 -0.188983 -0.571965 -0.600809 -0.181293 -0.778564 -0.043442 -0.965100 0.258252
VERTEX_POSE A17 -0.270538 0.574144 -0.745083 -0.557287 -0.819430 -0.134033 0.811422 -0.503217 -0.297266 0.176141 -0.274420 0.945340
VERTEX_POSE A18 0.638203 0.022900 0.737288 0.843859 0.268212 0.464719 -0.535950 0.462791 0.706103 0.025682 0.844918 -0.534279
VERTEX_POSE A19 -0.498567 -0.932892 0.507193 0.730956 0.671980 -0.118940 0.653460 -0.638980 0.405825 -0.196706 0.374362 0.906178
VERTEX_POSE A20 -0.152765 -0.947640 0.283284 -0.514234 0.852605 0.092891 0.736872 0.383799 0.556523 -0.438843 -0.354631 0.825623
VERTEX_POSE A21 -0.177802 0.768582 0.719246 0.720035 0.540024 0.435803 -0.078755 0.687549 -0.721854 -0.689455 0.485438 0.537589
VERTEX_POSE A22 0.329916 -0.577603 0.675278 -0.749755 -0.464402 -0.471379 -0.435178 -0.190587 0.879941 -0.498486 0.864874 -0.059204
VERTEX_POSE A23 -0.118226 -0.777656 -0.886382 -0.921064 0.363808 0.138871 0.055015 0.474610 -0.878475 0.385506 0.801492 0.457161
VERTEX_POSE A24 0.302194 0.381521 0.639022 -0.130828 0.456301 -0.880155 0.674269 0.691794 0.258424 -0.726805 0.559652 0.398176
VERTEX_POSE A25 -0.437761 0.069124 -0.914415 -0.209025 -0.882823 0.420633 -0.576913 -0.235987 -0.781973 0.789607 -0.406121 -0.459985
VERTEX_POSE A26 -0.964683 -0.567694 -0.531412 -0.083990 0.406935 -0.909588 0.664156 0.703359 0.253345 -0.742861 0.582829 0.329343
VERTEX_POSE A27 -0.368070 -0.156885 -0.310105 -0.193412 -0.887656 -0.417922 0.931290 -0.032078 -0.362863 0.308692 -0.459388 0.832870
VERTEX_POSE A28 -0.630385 0.805991 0.530401 -0.031937 -0.996215 0.080845 0.140080 0.075627 0.987248 -0.989625 0.042854 0.137134
VERTEX_POSE A29 0.735419 -0.742246 0.007836 0.025027 0.764448 0.644200 0.704635 0.443617 -0.553798 -0.709128 0.467786 -0.527554
VERTEX_POSE A30 0.404742 -0.018501 -0.334660 0.703196 -0.432006 -0.564699 0.598043 -0.070153 0.798388 -0.384524 -0.899138 0.209027
VERTEX_POSE A31 -0.801807 0.689672 -0.158937 -0.635879 0.619275 -0.460604 -0.766086 -0.434039 0.474049 -0.093647 -0.654301 -0.750414
VERTEX_POSE A32 -0.668879 0.247780 -0.714356 0.025241 0.952280 0.304179 -0.343229 -0.277525 0.897315 -0.938913 0.127052 -0.319845
VERTEX_POSE A33 0.901310 0.332024 -0.692023 -0.730052 -0.242782 -0.638812 -0.636180 -0.099968 0.765037 0.249597 -0.964916 0.081471
VERTEX_POSE A34 -0.127108 0.457397 0.173357 0.062495 0.702710 0.708726 -0.575922 -0.554565 0.600642 0.815112 -0.445708 0.370048
VERTEX_POSE A35 -0.101221 0.729990 -0.342984 0.640407 0.204318 0.740360 -0.064017 -0.946411 0.316556 0.765363 -0.250121 -0.593008
VERTEX_POSE A36 -0.459329 0.953254 0.278028 0.623628 -0.272274 0.732772 0.199822 -0.850718 -0.486159 -0.755751 -0.449606 0.476125
VERTEX_POSE A37 0.067663 0.302036 0.087670 0.425866 0.144130 0.893233 -0.451958 0.889128 0.072012 0.783819 0.434371 -0.443790
VERTEX_POSE A38 0.729036 0.343184 -0.437994 -0.651854 0.563041 0.508007 -0.249504 -0.791827 0.557456 0.716124 0.236630 0.656637
VERTEX_POSE A39 -0.997982 -0.631145 -0.319816 -0.904498 -0.067521 0.421099 -0.174658 -0.842141 -0.510189 0.389073 -0.535013 0.749922
VERTEX_POSE A40 -0.665206 0.313205 -0.864403 0.693175 0.245368 -0.677719 -0.546390 0.792109 -0.272069 0.470071 0.558890 0.683136
VERTEX_POSE A41 0.668298 0.964614 0.227358 -0.686761 -0.651638 0.322068 -0.720252 0.669766 -0.180696 -0.097962 -0.356065 -0.929312
VERTEX_POSE A42 0.143679 -0.282609 -0.147545 -0.861177 0.505398 -0.054289 -0.222350 -0.470596 -0.853874 0.457094 0.723265 -0.517641
VERTEX_POSE A43 -0.074951 0.451482 0.732254 0.466219 -0.882934 0.055388 -0.095257 0.012143 0.995379 -0.879526 -0.469341 -0.078445
VERTEX_POSE A44 -0.195298 0.030633 -0.296485 0.955952 -0.135200 0.260533 0.221466 -0.250306 -0.942497 -0.192638 -0.958680 0.209339
VERTEX_POSE A45 -0.289785 -0.092100 -0.585788 0.534678 -0.377569 -0.756017 -0.569724 -0.821802 0.007498 -0.624127 0.426712 -0.654509
VERTEX_POSE A46 -0.690288 0.768780 0.364904 0.414939 0.466819 -0.780965 0.779031 -0.625715 0.039892 -0.470039 -0.624948 -0.623300
VERTEX_POSE A47 -0.527478 -0.253722 -0.267656 -0.730438 0.657791 0.183772 -0.431408 -0.652969 0.622510 -0.529479 -0.375424 -0.760729
VERTEX_POSE A48 0.439677 -0.517956 -0.330871 0.069494 0.888372 -0.453835 0.810580 0.214896 0.544776 -0.581490 0.405728 0.705162
VERTEX_POSE A49 0.947914 -0.208320 0.102192 -0.663650 -0.397702 0.633563 -0.184362 -0.733875 -0.653787 -0.724968 0.550691 -0.413716
VERTEX_POSE A50 -0.026045 -0.186614 -0.760462 0.499544 0.715671 0.488130 0.125292 -0.617236 0.776738 -0.857180 0.326856 0.398005
VERTEX_POSE A51 -0.713088 -0.465596 0.952413 0.530031 0.365723 0.765058 -0.557081 0.830385 -0.011007 0.639318 0.420365 -0.643867
VERTEX_POSE A52 -0.229888 -0.439738 -0.178562 0.596249 -0.773651 -0.214360 -0.463984 -0.549997 0.694422 -0.655138 -0.314589 -0.686897
VERTEX_POSE A53 -0.696129 0.235784 0.914816 0.786316 0.590751 -0.180889 -0.156091 0.473239 0.866995 -0.597782 0.653497 -0.464327
VERTEX_POSE A54 0.168685 -0.243252 -0.933969 -0.065381 -0.038699 -0.997110 0.502179 -0.864763 0.000634 0.862288 0.500686 -0.075973
VERTEX_POSE A55 -0.927694 0.941783 -0.539541 -0.952188 -0.067492 0.297966 0.200518 0.597774 0.776183 -0.230502 0.798819 -0.555659
VERTEX_POSE A56 -0.133890 -0.695092 -0.999600 -0.762011 -0.566598 -0.313537 -0.595104 0.421819 0.684047 -0.255324 0.707838 -0.658616
VERTEX_POSE A57 0.204002 0.189054 -0.465381 -0.825881 -0.368041 -0.427162 0.467310 -0.022873 -0.883798 0.315503 -0.929528 0.190879
VERTEX_POSE A58 -0.295765 -0.215102 0.150355 0.354235 0.683034 -0.638735 -0.191446 0.721526 0.665394 0.915350 -0.113423 0.386354
VERTEX_POSE A59 0.235725 -0.889101 0.530801 -0.486958 -0.860094 0.152017 -0.815693 0.510057 0.272922 0.312277 -0.008902 0.949950
VERTEX_POSE A60 -0.060579 0.446808 0.542455 -0.572362 0.793547 -0.206603 -0.323392 -0.449979 -0.832428 0.753538 0.409637 -0.514178
VERTEX_POSE A61 -0.891023 0.766396 0.815695 0.013295 0.653619 0.756707 0.982994 0.130077 -0.129627 -0.183157 0.745562 -0.640774
VERTEX_POSE A62 0.433918 0.800571 -0.628136 -0.153239 0.809199 -0.567199 -0.551668 0.406157 0.728491 0.819866 0.424539 0.384170
VERTEX_POSE A63 0.270543 -0.305411 0.828099 -0.561909 0.519109 0.644037 -0.291778 -0.852915 0.432898 -0.774031 -0.055334 -0.630726
VERTEX_POSE A64 -0.989713 0.098420 -0.876328 -0.826240 0.298578 -0.477680 0.420500 -0.237354 -0.875696 -0.374843 -0.924400 0.070559
VERTEX_POSE A65 -0.693190 0.257968 0.545221 0.212876 -0.974466 -0.071411 -0.306317 -0.135961 0.942170 0.927822 0.178691 0.327439
VERTEX_POSE A66 -0.830678 -0.575421 -0.514885 -0.105766 -0.954767 0.277909 -0.383874 0.297015 0.874312 -0.917308 -0.014210 -0.397925
VERTEX_POSE A67 -0.449042 0.051674 0.401700 -0.015826 -0.230832 -0.972865 -0.891082 -0.438114 0.118447 0.453567 -0.868777 0.198757
VERTEX_POSE A68 0.374474 -0.439997 -0.367109 0.625861 -0.255791 0.736796 -0.666844 -0.665440 0.335423 0.404496 -0.701256 -0.587046
VERTEX_POSE A69 0.898358 0.767763 0.047121 -0.416355 -0.251649 0.873682 0.902225 0.004465 0.431243 -0.112423 0.967808 0.225185
VERTEX_POSE A70 -0.447024 0.420529 -0.918116 0.204040 0.737020 0.644337 -0.047963 -0.649867 0.758533 -0.977787 0.185675 0.097249
VERTEX_POSE A71 0.709268 0.873209 -0.231513 -0.293758 0.254372 0.921412 0.759811 -0.522748 0.386551 -0.579995 -0.813652 0.039713
VERTEX_POSE A72 0.566656 0.732377 -0.725521 -0.573145 -0.625488 0.529405 -0.723106 0.082109 -0.685839 0.385516 -0.775901 -0.499355
VERTEX_POSE A73 0.696654 -0.862080 -0.065661 0.487707 0.081055 -0.869236 -0.814847 0.399607 -0.419928 -0.313315 -0.913096 -0.260939
VERTEX_POSE A74 -0.365684 0.324691 -0.499259 0.095552 0.663281 -0.742245 0.908616 0.246427 0.337180 -0.406555 0.706634 0.579122
VERTEX_POSE A75 -0.628642 -0.236990 -0.022006 0.653985 -0.207607 -0.727463 -0.329423 0.787499 -0.520889 -0.681017 -0.580297 -0.446623
VERTEX_POSE A76 -0.593130 0.045820 0.348551 -0.336177 -0.503757 -0.795748 0.438427 -0.831497 0.341167 -0.833527 -0.234185 0.500391
VERTEX_POSE A77 -0.055972 0.093471 0.865646 0.889883 -0.218311 0.400559 -0.426346 -0.085637 0.900497 -0.162286 -0.972115 -0.169283
VERTEX_POSE A78 -0.156120 0.509288 0.710338 0.797949 0.563248 -0.214542 -0.336970 0.121771 -0.933608 -0.499728 0.817266 0.286965
VERTEX_POSE A79 0.846547 0.527864 -0.982320 0.300270 -0.472595 0.828548 -0.950288 -0.073171 0.302653 -0.082406 -0.878237 -0.471073
VERTEX_POSE A80 -0.108058 0.885151 -0.032162 0.945477 0.172455 -0.276283 -0.131787 0.978333 0.159678 -0.297833 0.114561 -0.947719
VERTEX_POSE A81 0.817835 -0.677326 0.949876 0.553615 -0.769276 -0.318944 -0.335467 0.144532 -0.930899 0.762216 0.622354 -0.178052
VERTEX_POSE A82 -0.866542 -0.937733 0.970093 0.485478 0.041666 0.873255 -0.570754 0.771731 0.280484 -0.662231 -0.634583 0.398439
VERTEX_POSE A83 0.662054 -0.554587 0.789275 -0.186804 -0.103277 -0.976953 -0.710096 -0.673013 0.206924 -0.678872 0.732385 0.052385
VERTEX_POSE A84 -0.878294 0.558458 0.864691 0.570009 -0.220125 -0.791603 0.246667 -0.873156 0.420420 -0.783738 -0.434906 -0.443409
VERTEX_POSE A85 0.302144 -0.180984 -0.963876 0.746376 -0.634498 -0.200838 -0.400096 -0.668936 0.626457 0.531833 0.387218 0.753137
VERTEX_POSE A86 0.734359 -0.612804 -0.750265 0.699846 -0.204084 0.684518 0.135886 -0.902775 -0.408084 0.701249 0.378612 -0.604071
VERTEX_POSE A87 -0.012184 0.863366 0.865092 -0.496763 0.263922 0.826784 0.866521 0.204230 0.455446 0.048651 -0.942675 0.330148
VERTEX_POSE A88 -0.493854 -0.991930 -0.429256 -0.861436 0.504188 0.061008 -0.249335 -0.315204 -0.915685 0.442447 0.804016 -0.397240
VERTEX_POSE A89 -0.561406 0.172094 0.400089 -0.440135 -0.039929 0.897044 0.858685 -0.310840 0.407478 -0.262567 -0.949623 -0.171098
VERTEX_POSE A90 -0.776459 0.974264 0.395893 0.138079 -0.983784 -0.114466 0.831340 0.052305 0.553298 -0.538339 -0.171559 0.825081
VERTEX_POSE A91 0.445567 0.454878 -0.886801 0.870239 -0.077520 0.486492 0.476254 -0.120110 -0.871066 0.125957 0.989729 -0.067605
VERTEX_POSE A92 -0.452428 -0.061510 0.215784 -0.834514 0.144027 -0.531830 0.393849 -0.519078 -0.758578 -0.385317 -0.842504 0.376453
VERTEX_POSE A93 0.657459 0.774835 0.767757 0.684721 -0.723564 -0.087249 0.162943 0.268671 -0.949350 0.710357 0.635824 0.301864
VERTEX_POSE A94 -0.283891 -0.850533 0.941298 -0.240576 0.588702 -0.771721 0.817778 -0.305340 -0.487860 0.522841 0.748464 0.407970
VERTEX_POSE A95 -0.442141 -0.963090 0.339456 -0.602148 -0.750790 -0.271536 0.726611 -0.656282 0.203297 0.330838 0.074886 -0.940712
VERTEX_POSE A96 0.964269 0.032803 0.312977 0.732460 -0.673317 -0.100731 0.646765 0.734377 -0.205878 -0.212596 -0.085648 -0.973379
VERTEX_POSE A97 -0.114569 -0.425954 -0.573587 0.409932 -0.223811 0.884231 0.740833 -0.483827 -0.465916 0.532092 0.846061 -0.032530
VERTEX_POSE A98 0.108817 0.088584 -0.258844 0.855824 -0.272371 -0.439749 -0.263721 -0.961104 0.082042 -0.444990 0.045757 -0.894366
VERTEX_POSE A99 0.338743 0.592806 0.945868 -0.124369 -0.277945 0.952512 0.811087 0.524483 0.258949 0.571550 -0.804776 -0.160208
VERTEX_POSE A100 -0.216211 -0.658191 0.473534 -0.053744 0.677836 -0.733246 -0.861735 0.339514 0.377019 -0.504505 -0.652126 -0.565868
VERTEX_POSE A101 0.661792 -0.490887 -0.176960 0.512323 0.800277 -0.311578 0.510564 0.007900 0.859804 0.690543 -0.599578 -0.404545
VERTEX_POSE A102 0.048010 0.466015 -0.285644 -0.404334 -0.679323 -0.612401 0.783466 0.088222 -0.615141 -0.471906 0.728517 -0.496555
VERTEX_POSE A103 -0.649554 -0.925814 0.748013 0.652249 0.757900 0.012598 0.757971 -0.651971 -0.020366 -0.007222 0.022833 -0.999713
VERTEX_POSE A104 0.358447 -0.352967 0.757379 -0.472700 -0.848114 0.239285 -0.702599 0.526619 0.478568 -0.531892 0.058097 -0.844817
VERTEX_POSE A105 0.682327 -0.209294 0.215097 -0.832210 -0.265080 0.486989 -0.529727 0.120725 -0.839532 0.163752 -0.956639 -0.240889
VERTEX_POSE A106 -0.278196 -0.162804 -0.273993 0.602494 -0.507886 0.615673 0.315624 0.860137 0.400683 -0.733064 -0.047088 0.678528
VERTEX_POSE A107 0.765316 0.692853 0.105929 -0.464060 0.882493 0.076512 -0.249100 -0.047122 -0.967331 -0.850057 -0.467959 0.241697
VERTEX_POSE A108 -0.373645 0.884177 0.080743 -0.864326 -0.020000 0.502534 -0.113056 0.981362 -0.155393 0.490060 0.191125 0.850478
VERTEX_POSE A109 0.565684 -0.653516 -0.563654 0.135016 0.941852 0.307710 0.931404 -0.014698 -0.363690 0.338020 -0.335706 0.879229
VERTEX_POSE A110 0.611863 0.220717 0.123609 -0.007617 -0.984678 0.174217 0.865921 0.080640 0.493638 -0.500123 0.154618 0.852039
VERTEX_POSE A111 0.518297 0.769328 -0.951420 0.432648 -0.869782 0.237266 -0.792696 -0.492361 -0.359462 0.429474 -0.032559 -0.902492
VERTEX_POSE A112 0.383519 -0.330842 -0.613778 -0.921974 -0.357752 0.148245 0.334082 -0.541205 0.771678 -0.195839 0.760993 0.618495
VERTEX_POSE A113 0.745321 0.282985 0.093702 -0.848340 -0.516727 -0.115380 0.452797 -0.595135 -0.663919 0.274398 -0.615473 0.738849
VERTEX_POSE A114 0.180350 -0.785259 0.837856 -0.009637 0.760422 0.649358 -0.204296 -0.637188 0.743138 0.978862 -0.125500 0.161492
VERTEX_POSE A115 0.505225 -0.772384 -0.749087 0.312473 -0.818167 -0.482663 -0.569447 -0.568023 0.594205 0.760323 -0.089178 0.643395
VERTEX_POSE A116 0.047465 -0.898000 0.129827 0.063996 -0.631027 0.773117 0.392424 -0.696382 -0.600879 -0.917555 -0.341843 -0.203065
VERTEX_POSE A117 -0.085291 -0.398063 -0.912410 0.766016 -0.290422 0.573476 -0.600821 -0.640652 0.478100 -0.228547 0.710788 0.665241
VERTEX_POSE A118 -0.506959 -0.909018 -0.883995 0.815446 0.066348 -0.575018 0.488932 0.452784 0.745609 0.309829 -0.889148 0.336781
VERTEX_POSE A119 0.553610 -0.889930 0.700570 0.538999 0.593095 -0.598096 -0.837065 0.456258 -0.301913 0.093823 0.663376 0.742381
VERTEX_POSE A120 0.353304 0.774031 0.487680 -0.105367 -0.968007 -0.227727 -0.396499 -0.169116 0.902324 -0.911968 0.185368 -0.365995
VERTEX_POSE A121 -0.283417 -0.934753 0.511898 0.627280 -0.750618 -0.207586 -0.433939 -0.115534 -0.893504 -0.646696 -0.650557 0.398195
VERTEX_POSE A122 -0.000823 0.564949 0.813769 0.033484 -0.837711 -0.545086 0.979885 0.134873 -0.147086 0.196733 -0.529196 0.825377
VERTEX_POSE A123 0.900875 -0.287479 -0.296536 -0.467540 -0.659069 0.589095 0.881383 -0.296604 0.367682 0.067600 -0.691125 -0.719567
VERTEX_POSE A124 -0.625959 0.840082 0.279655 0.043215 0.351768 -0.935089 -0.819048 -0.523486 -0.234781 -0.572094 0.776029 0.265492
VERTEX_POSE A125 0.715286 0.714416 0.755067 -0.569909 0.807189 -0.153785 0.506475 0.197691 -0.839286 0.647061 0.556205 0.521487
VERTEX_POSE A126 -0.541266 -0.250569 -0.957080 -0.148993 -0.984969 0.087394 0.699635 -0.167462 -0.694599 0.698793 -0.042347 0.714069
VERTEX_POSE A127 -0.661690 -0.127115 -0.407368 0.035824 0.781939 0.622324 -0.779937 0.411224 -0.471798 -0.624832 -0.468472 0.624595
VERTEX_POSE A128 -0.399283 -0.711538 -0.818521 -0.693913 0.689513 -0.207501 -0.456303 -0.644004 -0.614041 -0.557021 -0.331407 0.761510
VERTEX_POSE A129 0.567551 0.838015 -0.215924 0.177522 0.335502 -0.925162 -0.984068 0.069914 -0.163471 0.009837 0.939442 0.342568
VERTEX_POSE A130 0.677053 -0.534309 -0.461500 -0.679235 -0.652329 0.336313 -0.715638 0.690327 -0.106350 -0.162791 -0.312915 -0.935726
VERTEX_POSE A131 0.384507 -0.369729 0.655013 0.134275 0.989823 -0.047119 -0.352491 0.003269 -0.935810 0.926132 -0.142265 -0.349343
VERTEX_POSE A132 0.229343 -0.652872 0.607116 -0.906347 0.080272 0.414839 0.422499 0.159442 0.892229 -0.005478 -0.983938 0.178424
VERTEX_POSE A133 -0.274936 0.931706 0.252856 -0.009280 -0.545957 0.837762 -0.776246 -0.524205 -0.350216 -0.630362 0.653559 0.418932
VERTEX_POSE A134 0.734952 -0.295543 0.403026 0.300656 -0.937377 0.175870 0.538657 0.319070 0.779771 -0.787054 -0.139709 0.600855
VERTEX_POSE A135 -0.412210 -0.005839 0.364494 -0.585242 -0.279514 -0.761159 -0.255708 -0.827190 0.500371 0.769484 -0.487472 -0.412632
VERTEX_POSE A136 -0.592610 -0.277588 -0.532047 0.666866 -0.643722 0.375383 -0.726403 -0.673925 0.134777 -0.166221 0.362557 0.917018
VERTEX_POSE A137 -0.543244 0.541653 -0.870966 -0.841064 -0.365876 0.398430 -0.176853 -0.510092 -0.841742 -0.511209 0.778422 -0.364314
VERTEX_POSE A138 -0.646894 -0.312985 -0.529576 -0.853628 -0.348299 0.387306 0.312675 0.252054 0.915808 0.416597 -0.902860 0.106256
VERTEX_POSE A139 0.033745 -0.393411 0.548695 -0.391087 0.322599 0.861964 -0.728481 0.463863 -0.504129 0.562465 0.825082 -0.053596
VERTEX_POSE A140 -0.977560 0.888137 -0.434620 -0.025300 0.554483 0.831810 -0.713172 0.573073 -0.403700 -0.700533 -0.603437 0.380943
VERTEX_POSE A141 0.964969 0.907732 0.594033 -0.491041 0.339767 0.802146 0.863758 0.070308 0.498977 0.113139 0.937878 -0.328001
VERTEX_POSE A142 -0.447959 -0.624083 0.597275 0.688353 0.427929 0.585702 -0.201466 -0.662892 0.721101 0.696837 -0.614370 -0.370090
VERTEX_POSE A143 0.405959 -0.442705 -0.048399 0.044758 0.970992 0.234884 0.918316 0.052577 -0.392340 0.393308 -0.233258 0.889325
VERTEX_POSE A144 0.710290 0.190716 -0.312265 -0.830142 0.267613 0.489129 0.522646 0.679036 0.515511 -0.194179 0.683589 -0.703563
VERTEX_POSE A145 0.732391 -0.409342 0.435131 0.507979 -0.856442 0.092004 -0.625929 -0.440398 -0.643633 -0.591753 -0.269364 0.759784
VERTEX_POSE A146 -0.088816 -0.215088 0.202515 -0.819613 0.395196 -0.414796 0.297588 -0.325010 -0.897669 0.489568 0.859179 -0.148777
VERTEX_POSE A147 -0.242245 0.292717 0.817562 -0.924894 0.329820 0.189181 0.240123 0.892445 -0.381946 -0.294807 -0.307833 -0.904615
VERTEX_POSE A148 -0.352899 0.192595 0.522721 0.127389 0.716541 -0.685814 0.637946 0.470256 0.609823 0.759472 -0.515197 -0.397209
VERTEX_POSE A149 0.404225 -0.124106 0.318519 -0.719321 -0.405644 0.563943 0.612412 -0.753496 0.239155 0.327917 0.517395 0.790426
VERTEX_POSE A150 -0.688635 0.402787 0.518132 0.499398 0.775029 0.387209 -0.811148 0.575283 -0.105305 -0.304369 -0.261494 0.915958
VERTEX_POSE A151 -0.999595 -0.033374 0.010401 0.832550 0.044116 -0.552191 0.315397 -0.857228 0.407044 0.455397 0.513043 0.727599
VERTEX_POSE A152 -0.879192 -0.058859 -0.169583 0.319193 0.589700 0.741869 0.938836 -0.090005 -0.332395 -0.129242 0.802592 -0.582360
VERTEX_POSE A153 0.310542 -0.032265 0.331901 -0.214958 0.713622 0.666736 0.730772 -0.335370 0.594558 -0.647893 -0.615037 0.449405
VERTEX_POSE A154 0.901280 0.679147 0.713865 -0.445195 0.890631 0.092613 -0.285429 -0.239183 0.928074 0.848723 0.386740 0.360695
VERTEX_POSE A155 -0.505151 -0.218777 -0.889928 -0.638126 0.257004 0.725772 0.737694 0.474005 0.480757 -0.220463 0.842181 -0.492065
VERTEX_POSE A156 0.025828 -0.317849 0.086968 -0.136033 -0.983728 0.117362 0.790328 -0.179189 -0.585895 -0.597391 -0.013054 -0.801844
VERTEX_POSE A157 -0.639986 -0.571423 0.756785 0.681351 -0.384827 -0.622631 -0.474082 0.416088 -0.775962 -0.557680 -0.823881 -0.101062
VERTEX_POSE A158 -0.166840 0.654108 -0.297296 0.851697 0.475802 0.219599 0.085431 0.287381 -0.953999 0.517023 -0.831279 -0.204114
VERTEX_POSE A159 0.626545 -0.029387 0.268447 -0.006016 0.619627 0.784873 -0.526057 0.665542 -0.529451 0.850428 0.416073 -0.321955
VERTEX_POSE A160 0.927565 -0.733408 -0.459139 -0.788431 -0.065592 -0.611617 -0.596252 0.325894 0.733674 -0.151199 -0.943128 0.296054
VERTEX_POSE A161 -0.489787 -0.880201 0.241204 0.914415 0.165215 -0.369525 -0.253794 -0.477164 -0.841370 -0.315331 0.863145 -0.394395
VERTEX_POSE A162 0.011052 0.600885 -0.076540 -0.606117 0.346996 0.715693 -0.656194 -0.726658 -0.203416 -0.449479 0.592927 -0.668136
VERTEX_POSE A163 0.156908 -0.386280 -0.852024 -0.758475 0.577994 0.301062 0.629168 0.529003 0.569476 -0.169891 -0.621352 0.764891
VERTEX_POSE A164 0.235276 -0.948495 -0.505941 0.809053 -0.014321 -0.587561 0.404852 -0.711125 0.574801 -0.426061 -0.702920 -0.569540
VERTEX_POSE A165 -0.253996 -0.694658 -0.673513 0.528037 0.382572 -0.758166 0.272422 -0.921904 -0.275461 -0.804340 -0.061087 -0.591021
VERTEX_POSE A166 0.744698 0.607882 0.512470 0.568112 0.822616 -0.023471 0.748405 -0.504580 0.430452 -0.342254 0.262111 0.902308
VERTEX_POSE A167 0.642666 -0.226083 -0.037988 -0.521945 0.689764 -0.501795 -0.845290 -0.497078 0.195954 -0.114269 0.526440 0.842499
VERTEX_POSE A168 0.202760 0.846995 -0.544479 0.588985 -0.302446 -0.749415 0.026057 0.933954 -0.356443 0.807724 0.190412 0.557965
VERTEX_POSE A169 -0.902196 -0.705104 0.982894 -0.639176 0.596313 0.485658 0.581456 -0.038608 0.812661 -0.503351 -0.801823 0.322053
VERTEX_POSE A170 -0.323589 0.380506 -0.489293 0.154074 -0.766626 0.623334 0.878081 -0.183017 -0.442130 0.453029 0.615459 0.644962
VERTEX_POSE A171 0.225200 0.735132 0.020900 -0.058811 -0.502996 -0.862285 0.831587 0.453184 -0.321073 0.552273 -0.735947 0.391633
VERTEX_POSE A172 -0.937227 -0.797372 0.576927 0.262761 -0.153578 0.952560 -0.642605 -0.764289 0.054037 -0.719732 0.626319 0.299516
VERTEX_POSE A173 0.228452 0.756423 -0.892018 -0.923798 -0.100282 0.369514 0.051488 -0.988862 -0.139644 0.379402 -0.109977 0.918673
VERTEX_POSE A174 -0.368841 -0.707573 0.972502 -0.029747 0.400216 -0.915938 0.112671 0.911846 0.394769 0.993187 -0.091457 -0.072217
VERTEX_POSE A175 0.773063 0.393344 -0.735338 -0.538996 -0.837707 0.087925 -0.567029 0.283671 -0.773310 -0.622866 0.466667 0.627901
VERTEX_POSE A176 -0.039156 -0.652919 0.543113 -0.560377 0.785269 0.263306 -0.753358 -0.351177 -0.555992 0.344136 0.509929 -0.788380
VERTEX_POSE A177 0.542342 0.077339 0.175016 0.235648 -0.969819 -0.062612 0.847096 0.236553 -0.475889 -0.476338 -0.059104 -0.877274
VERTEX_POSE A178 -0.469182 -0.313939 -0.917776 -0.589673 0.699085 0.404433 -0.289155 0.284824 -0.913928 -0.754106 -0.655863 0.034192
VERTEX_POSE A179 0.607945 0.539677 0.065835 0.178119 0.882555 0.435167 0.320367 -0.470156 0.822385 -0.930397 0.007069 0.366486
VERTEX_POSE A180 -0.053432 0.953233 -0.506465 -0.504860 0.577248 0.641795 0.207448 -0.640578 0.739341 0.837903 0.506403 0.203653
VERTEX_POSE A181 -0.157817 -0.911152 0.600357 0.467844 -0.223680 -0.855037 -0.567402 -0.817764 -0.096531 0.677626 -0.530311 0.509502
VERTEX_POSE A182 0.608349 -0.493697 -0.923764 -0.818906 -0.560385 0.123939 0.315361 -0.258927 0.912965 -0.479521 0.786718 0.388761
VERTEX_POSE A183 0.067375 -0.105627 0.323953 0.956256 -0.266663 0.120274 0.042469 0.533341 0.844834 -0.289433 -0.802769 0.521335
VERTEX_POSE A184 -0.847275 0.056583 -0.067742 0.764260 -0.631612 -0.130278 0.050659 -0.142589 0.988485 -0.642915 -0.762060 -0.076978
VERTEX_POSE A185 0.509629 -0.814550 0.790100 0.660371 0.067147 0.747932 0.558958 -0.709072 -0.429863 -0.501474 -0.701931 0.505783
VERTEX_POSE A186 0.562225 0.675596 0.434024 -0.428699 0.842905 0.325161 0.357851 -0.172048 0.917792 0.829554 0.509815 -0.227877
VERTEX_POSE A187 0.178553 0.738734 -0.980775 0.678236 0.195465 0.708371 0.705584 -0.442536 -0.553456 -0.205298 -0.875189 0.438061
VERTEX_POSE A188 0.869643 -0.385973 0.546885 -0.501056 0.024574 0.865066 -0.409877 0.873636 -0.262223 -0.762196 -0.485959 -0.427669
VERTEX_POSE A189 -0.604616 0.329704 -0.863272 0.900624 -0.419081 -0.115099 -0.306940 -0.425869 -0.851131 -0.307676 -0.801877 0.512181
VERTEX_POSE A190 -0.194902 -0.290653 0.287672 -0.567651 -0.157745 -0.808015 0.810800 -0.277295 -0.515472 0.142745 0.947747 -0.285306
VERTEX_POSE A191 0.797208 -0.119381 -0.912254 -0.651590 -0.718025 -0.244682 0.757565 -0.599338 -0.258630 0.039056 -0.353883 0.934474
VERTEX_POSE A192 -0.094403 0.449503 0.377931 -0.074552 -0.187327 -0.979465 0.948571 0.289704 -0.127607 -0.307659 0.938605 -0.156095
VERTEX_POSE A193 0.816151 -0.689768 -0.788868 0.574921 -0.017931 0.818013 -0.438374 -0.850910 0.289449 0.690865 -0.525005 -0.497066
VERTEX_POSE A194 -0.045884 0.494339 -0.764278 -0.813837 -0.383185 0.436852 -0.517419 0.135696 -0.844905 0.264476 -0.913650 -0.308702
VERTEX_POSE A195 -0.859127 0.501009 0.871991 0.264669 -0.964167 0.018240 -0.945103 -0.263102 -0.193799 0.191654 0.034054 -0.980872
VERTEX_POSE A196 -0.437845 -0.384426 -0.462381 0.920463 0.138739 -0.365376 -0.051832 -0.883280 -0.465972 0.387378 -0.447848 0.805836
VERTEX_POSE A197 -0.301186 0.102221 0.748192 0.563095 -0.455154 0.689753 -0.054832 -0.853394 -0.518374 -0.824571 -0.254073 0.505499
VERTEX_POSE A198 0.783540 -0.725074 -0.165997 0.505049 0.595117 0.625109 0.166296 -0.777795 0.606120 -0.846919 0.202167 0.491790
VERTEX_POSE A199 0.764915 -0.537431 -0.006861 -0.048795 0.339872 -0.939205 -0.966006 0.222950 0.130867 -0.253874 -0.913663 -0.317440
VERTEX_POSE A200 -0.203382 0.397117 0.731086 -0.590749 0.795441 -0.135241 -0.768851 -0.504123 0.393355 -0.244712 -0.336354 -0.909386
VERTEX_POSE A201 -0.540049 0.655433 0.344710 -0.094190 0.912090 0.399023 -0.461612 -0.395128 0.794222 0.882067 -0.109386 0.458249
VERTEX_POSE A202 -0.009884 -0.802299 -0.985960 -0.304687 -0.419466 0.855110 0.676524 -0.727275 -0.115704 0.670434 0.543249 0.505370
VERTEX_POSE A203 -0.140608 0.599745 0.308013 -0.511301 -0.507704 -0.693403 -0.050426 0.823177 -0.565541 -0.857921 0.254196 0.446493
VERTEX_POSE A204 0.688404 0.411856 0.452692 -0.692444 0.346854 -0.632624 -0.242270 -0.937724 -0.248954 -0.679578 -0.019121 0.733354
VERTEX_POSE A205 0.621274 -0.509872 0.986541 -0.783107 -0.259377 -0.565214 -0.370552 -0.535292 0.759048 0.499435 -0.803857 -0.323078
VERTEX_POSE A206 -0.367545 -0.006911 0.572675 -0.269254 0.824481 0.497728 0.100570 0.538060 -0.836886 0.957804 0.175278 0.227792
VERTEX_POSE A207 -0.350753 0.758937 -0.004195 0.346830 0.473660 -0.809540 -0.846908 -0.212754 -0.487322 -0.403058 0.854624 0.327357
VERTEX_POSE A208 0.163617 0.567467 0.161557 0.155588 -0.508092 0.847133 -0.961896 0.117259 0.246996 -0.224831 -0.853284 -0.470487
VERTEX_POSE A209 0.163273 0.679150 0.654900 0.522130 0.738841 -0.426022 -0.631200 -0.001168 -0.775619 -0.573557 0.673879 0.465746
VERTEX_POSE A210 -0.742808 0.298614 -0.938360 0.062777 0.437589 -0.896981 0.681600 0.637713 0.358809 -0.729027 0.633907 0.258227
VERTEX_POSE A211 -0.889816 0.520699 0.655093 -0.596025 0.515562 0.615589 -0.802722 -0.401454 -0.440989 -0.019773 0.756988 -0.653130
VERTEX_POSE A212 -0.994543 0.767998 0.255256 -0.184215 -0.868927 -0.459380 0.699777 -0.444150 0.559503 -0.690201 -0.218395 0.689874
VERTEX_POSE A213 0.865542 0.804917 -0.862125 0.826717 0.416193 -0.378580 -0.455828 0.101054 -0.884313 0.329788 -0.903643 -0.273256
VERTEX_POSE A214 0.177560 -0.584927 -0.020955 0.572826 0.538804 0.617706 0.762931 -0.074955 -0.642120 0.299677 -0.839090 0.454006
VERTEX_POSE A215 -0.841818 -0.175419 -0.812486 -0.768956 -0.210800 0.603548 -0.590446 0.596140 -0.544050 0.245114 0.774713 0.582872
VERTEX_POSE A216 0.375171 0.990366 0.927976 0.181754 -0.692326 0.698320 0.945794 -0.071291 -0.316844 0.269143 0.718055 0.641841
VERTEX_POSE A217 -0.260216 -0.909331 -0.586930 0.158084 0.957021 -0.243145 -0.476700 -0.141677 -0.867574 0.864735 -0.253057 -0.433816
VERTEX_POSE A218 0.336735 -0.436685 -0.793261 0.265935 0.906186 0.328794 -0.631011 -0.094212 0.770032 0.728768 -0.412251 0.546760
VERTEX_POSE A219 0.244814 -0.395607 0.474861 0.076871 -0.721633 -0.687995 0.727035 0.512768 -0.456606 -0.682283 0.465097 -0.564070
VERTEX_POSE A220 0.135168 0.420373 -0.450203 0.216922 0.137537 -0.966451 0.963057 -0.191993 0.188838 0.159580 0.971711 0.174104
VERTEX_POSE A221 -0.858167 0.272663 0.494411 -0.048543 0.916814 0.396354 -0.189175 -0.398078 0.897634 -0.980743 0.031406 -0.192762
VERTEX_POSE A222 0.042023 0.485013 0.562607 0.358278 0.788846 -0.499358 0.829508 -0.514413 -0.217476 0.428431 0.336305 0.838657
VERTEX_POSE A223 -0.959235 -0.130123 0.927729 0.730359 -0.629091 0.266122 -0.470035 -0.180178 0.864062 -0.495624 -0.756162 -0.427289
VERTEX_POSE A224 0.957984 0.582895 0.705544 -0.555337 -0.688467 -0.466492 0.379302 -0.708883 0.594655 0.740089 -0.153292 -0.654806
VERTEX_POSE A225 0.996139 -0.020648 0.798328 0.474903 -0.615065 -0.629415 0.841146 0.106972 0.530124 0.258731 0.781187 -0.568160
VERTEX_POSE A226 -0.818361 -0.629114 0.799719 0.744100 0.507732 -0.434193 -0.339278 -0.272676 -0.900299 0.575504 -0.817225 0.030636
VERTEX_POSE A227 -0.479861 -0.801531 -0.756837 0.171836 -0.891917 -0.418277 -0.966142 -0.069628 -0.248437 -0.192461 -0.446806 0.873684
VERTEX_POSE A228 -0.305047 -0.918427 0.546521 -0.706236 -0.087328 -0.702570 0.375672 0.794908 -0.476437 0.600085 -0.600412 -0.528586
VERTEX_POSE A229 0.965179 -0.354188 -0.366278 0.801569 0.595551 -0.052973 -0.274360 0.445090 0.852421 0.531238 -0.668740 0.520166
VERTEX_POSE A230 -0.714946 -0.338962 0.236302 -0.357767 0.773718 -0.522842 0.726186 -0.121480 -0.676681 0.587075 0.621774 0.518401
VERTEX_POSE A231 0.491571 0.478690 0.277607 -0.089981 -0.525739 -0.845873 -0.671063 -0.595572 0.441553 -0.735920 0.607365 -0.299214
VERTEX_POSE A232 -0.574870 -0.698756 0.978432 -0.447770 0.727728 0.519532 -0.055820 -0.602653 0.796048 -0.892405 -0.327446 -0.310472
VERTEX_POSE A233 0.275170 -0.141262 0.250342 -0.295070 0.696129 -0.654476 0.627008 0.657931 0.417118 -0.720968 0.287282 0.630614
VERTEX_POSE A234 -0.649037 0.078436 -0.414380 0.576959 0.660796 -0.480069 -0.258094 0.705146 0.660421 -0.774923 0.257133 -0.577388
VERTEX_POSE A235 -0.886467 0.713100 0.431124 -0.910310 0.198878 0.363021 -0.100460 0.744641 -0.659861 -0.401552 -0.637147 -0.657875
VERTEX_POSE A236 -0.103556 0.348866 0.236883 -0.816392 0.524861 0.240885 0.557869 0.608930 0.563903 0.149288 0.594748 -0.789929
VERTEX_POSE A237 -0.016582 -0.928475 -0.841705 0.580253 -0.368907 0.726095 0.550724 -0.479078 -0.683511 -0.600009 -0.796487 0.074821
VERTEX_POSE A238 -0.237219 0.472038 -0.573071 -0.606637 -0.338946 -0.719101 0.484178 0.559907 -0.672366 0.630526 -0.756055 -0.175550
VERTEX_POSE A239 -0.939939 -0.083667 -0.601560 -0.085296 0.312132 0.946202 0.272999 -0.905998 0.323480 -0.958225 -0.285904 0.007934
VERTEX_POSE A240 -0.853309 0.750676 0.813195 0.471107 0.286035 0.834412 0.426304 -0.901982 0.068508 0.772220 0.323439 -0.546868
VERTEX_POSE A241 0.019973 -0.229348 -0.511431 0.359738 -0.329653 0.872879 0.829473 -0.315410 -0.460968 0.427275 0.889857 0.159973
VERTEX_POSE A242 -0.829755 -0.562968 -0.946467 0.519481 -0.342897 0.782663 -0.460615 0.659102 0.594490 0.719704 0.669332 -0.184448
VERTEX_POSE A243 -0.847852 0.518674 0.068451 0.861454 -0.445409 0.243942 -0.321369 -0.106195 0.940981 -0.393216 -0.889007 -0.234623
VERTEX_POSE A244 -0.114485 -0.424432 -0.373556 0.682660 -0.723620 -0.101737 -0.548928 -0.599717 0.582252 0.482342 0.341634 0.806618
VERTEX_POSE A245 0.347805 -0.147895 0.032579 0.024055 -0.551848 0.833598 -0.886088 -0.397858 -0.237815 -0.462892 0.732921 0.498556
VERTEX_POSE A246 -0.689670 -0.656745 0.255965 0.383114 0.213051 -0.898795 -0.040882 -0.968173 -0.246922 -0.922796 0.131344 -0.362211
VERTEX_POSE A247 -0.739315 -0.434065 -0.445580 0.627801 -0.548373 0.552407 -0.738709 -0.643414 0.200815 -0.245305 0.534140 0.809024
VERTEX_POSE A248 -0.912411 -0.057226 0.445648 0.670586 0.212165 -0.710845 -0.230291 0.970425 0.072393 0.705181 0.115156 0.699613
VERTEX_POSE A249 0.647065 -0.093430 0.462704 -0.891656 0.444574 0.085457 0.043624 -0.103512 0.993671 0.450606 0.889741 0.072903
VERTEX_POSE A250 0.505500 0.170328 -0.970719 0.897102 -0.441795 -0.004985 -0.440664 -0.895507 0.062312 0.031993 0.053703 0.998044
VERTEX_POSE A251 0.222757 -0.636853 0.995445 0.903171 -0.359900 -0.233995 -0.411444 -0.570249 -0.711006 -0.122455 -0.738436 0.663112
VERTEX_POSE A252 0.788898 -0.820767 -0.042884 -0.218843 0.866094 0.449432 -0.454009 0.317321 -0.832577 0.863704 0.386249 -0.323771
VERTEX_POSE A253 -0.452478 -0.344659 0.591888 0.270904 0.423450 -0.864466 0.867928 -0.495836 0.029109 0.416307 0.758180 0.501848
VERTEX_POSE A254 0.263523 0.233024 0.923174 -0.846275 0.244827 -0.473158 0.035906 -0.859917 -0.509169 0.531535 0.447886 -0.718935
VERTEX_POSE A255 0.746882 0.762128 -0.337341 -0.881429 0.414952 0.225605 -0.117332 -0.655054 0.746417 0.457511 0.631443 0.626070
VERTEX_POSE A256 -0.456339 0.634693 0.390216 0.649551 0.744000 -0.156676 -0.321408 0.081941 -0.943389 -0.689043 0.663137 0.292353
VERTEX_POSE A257 0.445162 0.603909 0.722893 0.432322 -0.505943 -0.746404 0.421962 0.845044 -0.328402 0.796897 -0.172979 0.578820
VERTEX_POSE A258 -0.732979 0.960596 -0.094178 -0.706198 -0.554518 -0.440220 -0.057825 -0.574517 0.816447 0.705649 -0.602030 -0.373658
VERTEX_POSE A259 0.238614 0.716267 -0.063263 -0.103799 -0.804538 -0.584760 0.987090 -0.011223 -0.159774 -0.121982 0.593795 -0.795316
VERTEX_POSE A260 0.410340 -0.750279 -0.643385 -0.782813 0.128764 0.608789 -0.291762 0.788193 -0.541873 -0.549617 -0.601806 -0.579440
VERTEX_POSE A261 -0.447925 -0.378366 -0.857876 -0.065897 0.768525 0.636417 -0.435078 -0.596111 0.674803 -0.897978 0.232423 -0.373650
VERTEX_POSE A262 -0.269814 0.194957 -0.785657 0.650215 -0.595176 0.472214 -0.017614 -0.633181 -0.773803 0.759546 0.494821 -0.422187
VERTEX_POSE A263 0.835470 -0.449034 -0.664953 -0.428742 -0.668522 0.607667 0.659455 -0.691325 -0.295277 -0.617495 -0.274131 -0.737260
VERTEX_POSE A264 0.827245 0.480372 0.392465 0.190346 -0.398465 -0.897215 0.870966 0.490238 -0.032944 -0.452976 0.775172 -0.440364
VERTEX_POSE A265 0.081149 -0.726607 -0.200037 0.729660 -0.365814 -0.577733 0.007770 -0.840385 0.541935 -0.683766 -0.399917 -0.610353
VERTEX_POSE A266 0.949004 -0.735934 0.766171 0.603757 0.434372 0.668430 0.031736 -0.850937 0.524308 -0.796537 0.295341 0.527544
VERTEX_POSE A267 -0.276311 -0.170761 -0.370652 -0.925986 0.191724 -0.325256 0.158298 0.979247 0.126557 0.342770 0.065702 -0.937119
VERTEX_POSE A268 -0.935433 -0.655082 -0.041741 -0.301695 -0.647737 0.699584 0.483033 -0.736475 -0.473586 -0.821985 -0.195043 -0.535069
VERTEX_POSE A269 -0.288216 0.736104 -0.806900 0.885151 -0.177876 -0.429962 -0.462738 -0.239605 -0.853501 0.048797 0.954437 -0.294397
VERTEX_POSE A270 -0.216250 0.745572 0.027788 -0.205878 0.621067 -0.756234 0.603026 0.689143 0.401799 0.770697 -0.373306 -0.516399
VERTEX_POSE A271 -0.788742 -0.904407 -0.228546 0.651360 -0.703300 -0.284778 -0.732489 -0.484913 -0.477827 -0.197964 -0.519834 0.831013
VERTEX_POSE A272 0.731757 -0.493245 -0.318331 -0.363909 0.674052 0.642825 0.584514 -0.372072 0.721045 0.725199 0.638135 -0.258592
VERTEX_POSE A273 -0.046005 -0.817396 0.081322 -0.518936 -0.265143 0.812652 0.753292 -0.591208 0.288138 -0.404049 -0.761690 -0.506530
VERTEX_POSE A274 -0.636594 0.614267 0.839905 0.324078 0.058426 -0.944224 -0.724900 -0.625975 -0.287534 0.607860 -0.777652 0.160512
VERTEX_POSE A275 -0.382728 0.082324 0.308113 0.503919 -0.818718 -0.275258 0.812990 0.557213 -0.169001 0.291741 -0.138619 0.946399
VERTEX_POSE A276 -0.698200 0.034708 -0.886100 0.571521 -0.785954 0.235882 0.570889 0.587316 0.573712 0.589449 0.193226 -0.784356
VERTEX_POSE A277 -0.326264 0.957522 0.095870 0.985903 0.124143 -0.112180 0.167319 -0.730692 0.661886 0.000200 -0.671325 -0.741163
VERTEX_POSE A278 -0.122043 0.648258 0.862533 -0.551391 0.722669 -0.416794 0.287385 0.633566 0.718334 -0.783184 -0.276303 0.557027
VERTEX_POSE A279 -0.610612 0.977482 0.559548 0.641514 0.295111 -0.708074 -0.586175 -0.406831 -0.700633 0.494831 -0.864522 0.088001
VERTEX_POSE A280 -0.679199 -0.135908 -0.441426 0.770432 0.637485 0.006817 -0.298663 0.351460 0.887286 0.563236 -0.685630 0.461169
VERTEX_POSE A281 -0.616543 -0.181413 0.891814 -0.797112 0.561546 0.221985 -0.520314 -0.452216 -0.724412 -0.306406 -0.692940 0.652648
VERTEX_POSE A282 0.612146 -0.659371 0.554993 0.258952 -0.871600 0.416241 -0.189730 0.376644 0.906720 -0.947073 -0.313771 -0.067836
VERTEX_POSE A283 -0.890301 0.043325 0.515690 -0.379245 -0.911281 0.160435 -0.593648 0.372628 0.713254 0.709758 -0.175256 0.682297
VERTEX_POSE A284 -0.069021 0.473927 0.483702 -0.719752 -0.691647 0.059851 -0.604810 0.667033 0.435054 0.340827 -0.276932 0.898413
VERTEX_POSE A285 -0.124331 0.573653 0.478167 -0.513595 0.858032 -0.000502 -0.306218 -0.183840 -0.934041 0.801530 0.479565 -0.357165
VERTEX_POSE A286 0.856581 -0.194547 -0.821651 0.370175 0.893997 -0.252468 0.805855 -0.444233 -0.391477 0.462134 0.058538 0.884876
VERTEX_POSE A287 0.474641 0.108621 -0.126082 -0.378970 0.203082 0.902851 0.212844 0.968596 -0.128529 0.900599 -0.143457 0.410294
VERTEX_POSE A288 -0.679170 0.177562 0.201060 0.672276 0.461981 -0.578462 -0.543467 0.838565 0.038103 -0.502681 -0.288759 -0.814819
VERTEX_POSE A289 -0.876398 -0.233951 0.084171 -0.421387 -0.062055 -0.904755 0.833570 -0.419460 -0.359463 -0.357202 -0.905650 0.228483
VERTEX_POSE A290 -0.286745 -0.175113 0.810655 -0.414722 -0.309204 0.855803 -0.757354 -0.404043 -0.512996 0.504402 -0.860896 -0.066612
VERTEX_POSE A291 0.731171 0.427283 0.557675 0.699598 -0.673188 -0.239543 0.709839 0.616401 0.340848 -0.081800 -0.408494 0.909088
VERTEX_POSE A292 -0.324323 0.387683 0.226294 -0.450491 -0.837140 0.310248 0.671157 -0.546714 -0.500651 -0.588732 0.017313 -0.808143
VERTEX_POSE A293 0.443441 -0.980156 -0.975002 0.855881 0.072375 -0.512084 -0.217382 -0.848099 -0.483190 0.469269 -0.524871 0.710139
VERTEX_POSE A294 0.566641 0.978249 0.892722 -0.735562 0.050793 -0.675551 -0.553789 -0.619457 0.556409 -0.390213 0.783386 0.483778
VERTEX_POSE A295 -0.497078 -0.131945 -0.381241 -0.431441 0.819793 -0.376561 0.867691 0.262839 -0.421934 0.246923 0.508778 0.824726
VERTEX_POSE A296 -0.475410 -0.706763 -0.175039 -0.308864 0.628001 0.714295 -0.469855 0.552228 -0.688680 -0.826946 -0.548323 0.124506
VERTEX_POSE A297 0.515644 -0.757685 0.658893 0.888466 -0.127190 -0.440966 -0.417225 -0.624106 -0.660617 0.191186 -0.770918 0.607564
VERTEX_POSE A298 0.226611 0.697294 0.248108 0.458822 0.551402 -0.696734 0.758984 0.164484 0.629990 0.461980 -0.817864 -0.343036
VERTEX_POSE A299 -0.410843 -0.361846 0.783220 -0.604514 0.752391 0.261669 -0.400765 -0.003367 -0.916175 0.688441 0.658708 -0.303567
VERTEX_POSE A300 -0.772571 0.978419 0.851993 -0.075276 0.753119 0.653563 0.209429 0.652745 -0.728055 -0.974922 0.082070 -0.206861
VERTEX_POSE A301 -0.989639 0.442865 -0.724104 -0.973713 -0.213945 0.078173 -0.170541 0.457247 -0.872835 0.150994 -0.863222 -0.481714
VERTEX_POSE A302 -0.199585 -0.266252 -0.445326 -0.245605 -0.884668 -0.396284 0.880711 -0.032845 -0.472514 0.405002 -0.465063 0.787203
VERTEX_POSE A303 0.959186 -0.514826 -0.466338 -0.218770 0.579473 0.785080 -0.593569 0.559560 -0.578419 0.774477 0.592540 -0.221542
VERTEX_POSE A304 -0.035644 0.625469 0.357218 -0.638517 -0.506376 -0.579551 -0.653221 -0.041593 0.756024 -0.406937 0.861309 -0.304217
