VERTEX_POSE A0 0.311310 -0.342731 0.002197 -0.429160 0.490056 0.758727 0.370323 -0.670700 0.642668 -0.823822 -0.556782 -0.106359
VERTEX_POSE A1 -0.937234 0.674920 -0.287971 -0.550718 0.817728 -0.167425 0.809913 0.474999 -0.344117 -0.201867 -0.325111 -0.923879
VERTEX_POSE A2 -0.384198 -0.942829 -0.490565 -0.361303 0.849119 0.385301 0.709668 0.518441 -0.477063 -0.604839 0.101071 -0.789908
VERTEX_POSE A3 0.416646 -0.225131 -0.836710 -0.021445 -0.973910 -0.225918 0.929694 -0.102536 0.353772 -0.367707 -0.202448 0.907638
VERTEX_POSE A4 0.506400 -0.867225 0.131560 0.690027 -0.714539 -0.115313 0.355721 0.473549 -0.805738 0.630337 0.514962 0.580938
VERTEX_POSE A5 -0.799942 0.225190 -0.879829 0.801562 0.595882 -0.049229 0.559334 -0.776394 -0.290445 0.211292 -0.205274 0.955625
VERTEX_POSE A6 0.913816 0.395127 -0.960613 -0.096429 0.543510 -0.833845 -0.830180 -0.506073 -0.233860 0.549092 -0.669691 -0.500011
VERTEX_POSE A7 -0.072718 -0.600106 0.130441 0.908369 0.292684 -0.298666 0.136532 -0.882665 -0.449735 0.395252 -0.367748 0.841746
VERTEX_POSE A8 0.804173 0.259294 -0.373425 -0.581133 -0.801688 0.139933 -0.230153 0.326831 0.916630 0.780586 -0.500478 0.374443
VERTEX_POSE A9 0.389617 -0.906348 0.423484 0.503956 -0.647047 -0.572153 -0.718637 -0.681590 0.137829 0.479155 -0.341711 0.808482
VERTEX_POSE A10 0.535479 0.175113 0.140668 -0.774059 0.323495 -0.544228 0.289181 0.945350 0.150623 -0.563212 0.040789 0.825305
VERTEX_POSE A11 -0.875451 0.993472 -0.859825 -0.173135 0.684798 -0.707868 0.049979 -0.711687 -0.700717 0.983629 0.156697 -0.088992
VERTEX_POSE A12 0.875269 -0.066914 -0.679917 0.148620 -0.686503 0.711777 -0.775692 -0.527368 -0.346677 -0.613364 0.500596 0.610892
VERTEX_POSE A13 -0.171843 -0.604866 0.139479 -0.058318 0.796845 -0.601363 -0.071604 -0.604176 -0.793628 -0.995727 -0.003223 0.092292
VERTEX_POSE A14 -0.620568 -0.405845 0.238684 0.397097 0.594188 -0.699468 0.871186 -0.004295 0.490934 0.288703 -0.804315 -0.519354
VERTEX_POSE A15 0.356639 -0.190307 -0.409897 0.149774 0.855251 -0.496098 -0.771055 -0.213048 -0.600071 0.618904 -0.472393 -0.627536
VERTEX_POSE A16 0.448591 0.993041 -0.222486 -0.132236 -0.020375 0.991009 -0.632625 -0.767948 -0.100204 0.763085 -0.640188 0.088660
VERTEX_POSE A17 0.826167 -0.892922 0.938126 0.293303 0.393858 -0.871119 -0.728424 0.682207 0.063188 0.619170 0.616011 0.486989
VERTEX_POSE A18 0.001441 -0.130690 -0.950539 0.781455 0.431462 0.450743 -0.162844 -0.556325 0.814852 0.602337 -0.710171 -0.364482
VERTEX_POSE A19 0.886230 -0.017158 -0.670659 0.581663 -0.129291 0.803089 0.784342 -0.172512 -0.595858 -0.215582 -0.976485 -0.001065
VERTEX_POSE A20 0.091768 0.244743 0.620702 -0.680796 -0.396283 -0.616017 0.006696 -0.844342 0.535763 -0.732443 0.360620 0.577478
VERTEX_POSE A21 -0.149583 0.943251 0.561097 -0.548261 -0.539284 0.639205 -0.414182 0.839093 0.352671 0.726542 0.071392 0.683404
VERTEX_POSE A22 -0.323443 -0.971639 -0.810473 -0.505181 0.050597 0.861529 0.008115 -0.997957 0.063368 -0.862975 -0.039003 -0.503738
VERTEX_POSE A23 -0.471976 -0.235380 0.503249 -0.693346 0.556471 0.457834 -0.379205 0.258507 -0.888469 0.612760 0.789630 -0.031782
VERTEX_POSE A24 -0.939752 0.612725 0.744571 -0.752259 -0.429933 0.499264 -0.327563 -0.413436 -0.849573 -0.571673 0.802639 -0.170181
VERTEX_POSE A25 0.072313 0.598114 -0.818363 0.565146 0.810559 0.153635 0.444870 -0.456250 0.770666 -0.694767 0.367191 0.618441
VERTEX_POSE A26 -0.036113 -0.325982 0.817147 0.071744 -0.939898 -0.333834 0.928980 0.184813 -0.320688 -0.363111 0.287117 -0.886405
VERTEX_POSE A27 -0.355844 0.026146 0.343860 0.213632 0.856673 0.469546 -0.040802 -0.472398 0.880440 -0.976062 0.207249 0.065966
VERTEX_POSE A28 0.292654 0.155323 0.553455 0.712202 0.153075 0.685081 0.423539 0.684578 -0.593268 0.559806 -0.712686 -0.422724
VERTEX_POSE A29 0.452186 -0.838687 0.005576 -0.419575 -0.892213 0.167073 -0.158452 0.253221 0.954344 -0.893784 0.373945 -0.247618
VERTEX_POSE A30 -0.449252 -0.473885 -0.926763 0.341180 -0.732446 0.589168 0.669838 -0.250289 -0.699051 0.659480 0.633149 0.405227
VERTEX_POSE A31 -0.396036 0.812593 -0.444348 0.837003 -0.120324 -0.533806 0.372735 -0.588837 0.717174 -0.400618 -0.799245 -0.448009
VERTEX_POSE A32 0.514952 0.836233 0.717605 0.710780 0.448078 -0.542234 -0.433497 -0.328046 -0.839325 0.553961 -0.831632 0.038928
VERTEX_POSE A33 0.166550 -0.416715 -0.417329 -0.119200 0.120003 0.985592 -0.039625 -0.992453 0.116046 -0.992079 0.025221 -0.123055
VERTEX_POSE A34 -0.979390 -0.412538 -0.281058 -0.208045 0.867997 -0.450886 0.427894 0.495288 0.756040 0.879559 -0.035641 -0.474453
VERTEX_POSE A35 0.021352 0.969009 -0.150835 -0.300126 -0.675247 -0.673770 0.798934 -0.563857 0.209214 0.521181 0.475507 -0.708706
VERTEX_POSE A36 0.366609 0.808475 -0.297158 0.781781 0.618804 -0.076807 0.623448 -0.777957 0.078073 0.011441 0.108921 0.993985
VERTEX_POSE A37 0.934427 0.982589 -0.241672 -0.793270 -0.194516 -0.576964 0.577845 -0.539143 -0.612716 0.191883 0.819444 -0.540085
VERTEX_POSE A38 0.948634 -0.631098 0.979606 -0.850168 -0.157565 0.502382 0.421939 -0.774625 0.471088 -0.314930 -0.612478 -0.725044
VERTEX_POSE A39 0.170781 0.067770 0.329418 0.851840 -0.399271 0.339045 0.425451 0.904976 -0.003201 -0.305549 0.146974 0.940765
VERTEX_POSE A40 0.324044 -0.923759 -0.818187 -0.650243 -0.435630 -0.622423 -0.440574 -0.451223 0.776075 0.618933 -0.778861 -0.101477
VERTEX_POSE A41 0.484112 0.544016 0.120274 -0.803697 -0.593145 -0.047430 0.327972 -0.375063 -0.867042 0.496493 -0.712395 0.495972
VERTEX_POSE A42 0.295330 0.061241 0.469593 -0.229431 -0.832470 0.504336 0.745668 0.182698 0.640782 0.625573 -0.523082 -0.578829
VERTEX_POSE A43 0.199313 0.009327 -0.498104 -0.815490 0.529650 0.233339 0.572509 0.797349 0.190965 -0.084908 0.289318 -0.953460
VERTEX_POSE A44 -0.687731 0.939150 -0.740247 -0.507693 -0.858674 0.070193 0.694003 -0.455884 -0.557252 0.510498 -0.234199 0.827371
VERTEX_POSE A45 0.674762 0.655396 -0.291723 0.317323 -0.278341 0.906550 -0.283421 0.884428 0.370756 0.904974 0.374584 -0.201762
VERTEX_POSE A46 -0.444048 0.819020 0.091999 0.725305 -0.290763 0.624010 -0.197397 0.780529 0.593135 -0.659520 -0.553382 0.508726
VERTEX_POSE A47 0.760860 0.932191 0.037267 -0.473071 0.607490 -0.638091 0.597870 -0.310611 -0.738967 0.647113 0.731079 0.216260
VERTEX_POSE A48 0.500929 0.762474 -0.353597 0.139383 0.820828 0.553908 -0.976754 0.021966 0.213234 0.162861 -0.570753 0.804809
VERTEX_POSE A49 0.557394 -0.311670 0.141459 -0.727258 0.420218 -0.542690 0.683556 0.371982 -0.627997 0.062025 0.827675 0.557769
VERTEX_POSE A50 0.647089 -0.084968 0.366608 0.665433 -0.705226 -0.244651 -0.246165 -0.516739 0.819990 -0.704699 -0.485424 -0.517458
VERTEX_POSE A51 -0.407303 0.007217 -0.732895 0.988205 -0.083688 0.128249 0.104065 -0.247415 -0.963305 -0.112348 -0.965289 0.235788
VERTEX_POSE A52 -0.592190 -0.368419 -0.297443 -0.387304 0.325375 0.862628 -0.713444 -0.698399 -0.056894 -0.583947 0.637472 -0.502629
VERTEX_POSE A53 -0.676353 -0.056606 0.556135 -0.592019 -0.800529 -0.093093 -0.770772 0.596149 -0.224760 -0.235424 0.061309 0.969957
VERTEX_POSE A54 0.120721 0.771837 0.770354 0.472487 -0.587117 0.657305 0.815850 0.573483 -0.074206 0.333386 -0.571323 -0.749963
VERTEX_POSE A55 -0.531942 -0.755694 -0.552873 -0.155041 -0.764085 -0.626207 -0.976021 0.216509 -0.022529 -0.152794 -0.607698 0.779331
VERTEX_POSE A56 0.395960 -0.458492 0.737773 -0.591297 0.800145 -0.100673 0.757363 0.508071 -0.410202 -0.277073 -0.318797 -0.906421
VERTEX_POSE A57 -0.915392 -0.554144 0.587501 -0.195197 -0.852264 0.485330 0.980448 -0.157003 0.118625 -0.024901 0.498996 0.866247
VERTEX_POSE A58 0.112215 0.270452 0.790988 0.613842 0.658754 -0.435018 -0.751024 0.317530 -0.578911 -0.243229 0.682069 0.689653
VERTEX_POSE A59 -0.311386 0.696832 0.291228 0.455806 -0.481854 -0.748370 -0.409971 0.632636 -0.657035 -0.790041 -0.606290 -0.090813
VERTEX_POSE A60 0.536794 -0.392831 -0.406924 0.968805 0.106541 -0.223755 0.055617 -0.973314 -0.222634 0.241504 -0.203245 0.948877
VERTEX_POSE A61 0.662963 0.796566 0.864224 0.314063 -0.884184 0.345808 -0.656881 0.060611 0.751554 -0.685472 -0.463190 -0.561768
VERTEX_POSE A62 0.292578 0.509424 0.846879 -0.633607 -0.491200 -0.597717 -0.299132 0.868043 -0.396259 0.713486 -0.072276 -0.696932
VERTEX_POSE A63 0.051746 -0.556598 -0.689319 -0.225295 0.925909 0.303208 0.598957 0.377079 -0.706444 -0.768436 0.022450 -0.639533
VERTEX_POSE A64 -0.170487 -0.620149 -0.553104 0.809297 0.300337 0.504812 -0.462906 -0.202953 0.862861 0.361602 -0.931991 -0.025222
VERTEX_POSE A65 0.313189 -0.903114 -0.434179 0.421278 0.582260 0.695340 0.640223 0.352115 -0.682737 0.642370 -0.732795 0.224438
VERTEX_POSE A66 -0.926903 -0.587589 0.159846 -0.708403 -0.484783 0.512982 0.688805 -0.316276 0.652317 -0.153988 0.815448 0.557972
VERTEX_POSE A67 -0.803878 -0.811673 0.149738 0.122611 -0.521354 0.844486 0.670557 -0.583785 -0.457765 0.731656 0.622403 0.278019
VERTEX_POSE A68 0.247616 -0.920525 0.324149 -0.290485 -0.903113 0.316235 0.058228 -0.346557 -0.936220 0.955106 -0.253544 0.153256
VERTEX_POSE A69 -0.978269 -0.218687 0.139452 0.158509 0.700859 -0.695465 0.900473 0.186306 0.392986 -0.404997 0.688539 0.601574
VERTEX_POSE A70 0.366903 0.256096 -0.520845 0.797000 -0.558797 -0.229210 0.181424 -0.140480 0.973319 -0.576087 -0.817320 -0.010583
VERTEX_POSE A71 -0.428340 -0.844285 0.505962 -0.230873 0.659192 0.715656 0.946123 -0.019537 0.323217 -0.227043 -0.751721 0.619166
VERTEX_POSE A72 0.505844 -0.674671 -0.740275 0.690208 -0.721059 0.060723 0.585880 0.507613 -0.631723 -0.424686 -0.471597 -0.772812
VERTEX_POSE A73 -0.337767 -0.682662 0.948748 -0.791298 -0.053084 -0.609122 -0.376929 0.826756 0.417610 -0.481427 -0.560050 0.674220
VERTEX_POSE A74 0.770973 0.165042 -0.992141 0.942825 -0.327213 0.063353 -0.312203 -0.933610 -0.175791 -0.116668 -0.145961 0.982387
VERTEX_POSE A75 0.818113 -0.735521 -0.480522 0.193505 -0.637241 -0.745976 -0.294209 0.687664 -0.663746 -0.935947 -0.347911 0.054415
VERTEX_POSE A76 -0.663005 0.972734 -0.342975 -0.851529 -0.033296 -0.523249 -0.440019 -0.497284 0.747724 0.285100 -0.866948 -0.408801
VERTEX_POSE A77 -0.673074 -0.015938 0.099857 0.820286 -0.305256 0.483684 -0.535388 -0.112280 0.837110 0.201225 0.945628 0.255531
VERTEX_POSE A78 0.578972 -0.803330 0.556745 0.431007 0.565853 0.702882 0.637911 0.359852 -0.680864 -0.638202 0.741834 -0.205865
VERTEX_POSE A79 0.837924 0.735208 0.303429 -0.228103 -0.932681 -0.279418 0.694399 0.045324 -0.718162 0.682480 -0.357842 0.637314
VERTEX_POSE A80 0.884319 0.672392 -0.758683 -0.023161 -0.897947 0.439494 0.962045 0.099547 0.254087 0.271907 -0.428698 -0.861560
VERTEX_POSE A81 0.226062 0.111702 -0.076647 -0.451893 -0.814597 0.363626 0.341291 -0.534480 -0.773209 -0.824204 0.225306 -0.519542
VERTEX_POSE A82 -0.569379 -0.257575 0.570533 0.122600 -0.463424 0.877615 -0.824091 -0.540290 -0.170177 -0.553031 0.702371 0.448143
VERTEX_POSE A83 -0.707871 -0.696027 -0.056126 0.634612 -0.709649 0.306049 -0.628014 -0.242739 0.739376 -0.450407 -0.661420 -0.599714
VERTEX_POSE A84 0.549709 -0.944904 -0.520512 -0.521157 0.517013 0.679038 0.520262 0.823161 -0.227448 0.676552 -0.234742 0.697979
VERTEX_POSE A85 0.551342 -0.485738 0.340887 -0.068676 -0.677058 -0.732718 -0.730485 0.534344 -0.425287 0.679467 0.506032 -0.531277
VERTEX_POSE A86 -0.239812 -0.451721 0.391001 -0.794673 -0.279395 0.538919 -0.059949 -0.847324 -0.527682 -0.604071 0.451642 -0.656596
VERTEX_POSE A87 -0.054332 -0.403395 -0.782739 0.476570 0.156709 -0.865057 0.810026 -0.460690 0.362797 -0.341669 -0.873617 -0.346490
VERTEX_POSE A88 0.635950 -0.039882 -0.071612 -0.130934 -0.563359 0.815772 0.342427 -0.797912 -0.496065 -0.930376 -0.214391 -0.297383
VERTEX_POSE A89 0.872402 0.818731 0.181989 -0.821902 0.519214 0.234294 -0.483831 -0.853403 0.193933 0.300640 0.046035 0.952626
VERTEX_POSE A90 0.634282 -0.706564 0.508489 -0.316141 -0.286561 0.904399 -0.681128 0.732139 -0.006114 -0.660394 -0.617944 -0.426644
VERTEX_POSE A91 0.172744 0.567287 0.521464 -0.575495 -0.034912 -0.817059 0.254188 0.941967 -0.219287 -0.777299 0.333885 0.533223
VERTEX_POSE A92 0.535365 0.615297 0.046213 -0.629650 0.442104 -0.638815 -0.310755 0.610305 0.728669 0.712020 0.657322 -0.246893
VERTEX_POSE A93 -0.073139 0.802861 0.355368 -0.977897 -0.192758 -0.081006 -0.048494 0.585953 -0.808893 -0.203386 0.787085 0.582349
VERTEX_POSE A94 -0.775510 -0.989311 0.832145 0.601207 -0.437048 -0.668983 0.798387 0.293336 0.525863 0.033591 0.850260 -0.525289
VERTEX_POSE A95 -0.635122 0.995148 0.493109 -0.150964 -0.788147 -0.596687 0.932800 -0.313395 0.177953 0.327251 0.529725 -0.782495
VERTEX_POSE A96 -0.759950 0.899747 0.921189 0.819140 -0.044197 0.571888 -0.538246 0.285365 0.793006 -0.198246 -0.957399 0.209965
VERTEX_POSE A97 -0.702412 -0.576901 -0.008009 0.059307 -0.885584 0.460677 -0.899750 -0.247302 -0.359571 -0.432357 0.393169 0.811471
VERTEX_POSE A98 -0.439000 -0.816525 -0.357153 -0.044463 -0.512601 -0.857475 0.987311 -0.153527 0.040584 0.152449 0.844790 -0.512923
VERTEX_POSE A99 0.487665 0.979222 0.245338 -0.282345 -0.653102 0.702666 -0.640561 -0.416902 -0.644884 -0.714117 0.632180 0.300641
VERTEX_POSE A100 -0.680681 0.204413 -0.868557 -0.391506 0.621117 0.678923 -0.858446 -0.512222 -0.026420 -0.331350 0.593162 -0.733734
VERTEX_POSE A101 0.927903 0.439571 0.122002 -0.252771 -0.623698 -0.739668 0.530161 -0.728791 0.433351 -0.809343 -0.282605 0.514877
VERTEX_POSE A102 -0.940675 -0.865063 -0.248700 0.112975 0.160858 0.980490 -0.955244 -0.253945 0.151728 -0.273397 0.953749 -0.124969
VERTEX_POSE A103 0.825163 0.529742 -0.608832 -0.376860 -0.350357 -0.857454 0.239814 -0.931047 0.275027 0.894688 0.101983 -0.434895
VERTEX_POSE A104 -0.409863 0.756909 0.070750 0.149942 -0.611073 0.777243 0.902617 -0.236212 -0.359841 -0.403483 -0.755508 -0.516147
VERTEX_POSE A105 0.830299 0.299979 -0.240841 -0.596759 0.695293 0.400558 0.784951 0.402238 0.471228 0.166522 0.595628 -0.785810
VERTEX_POSE A106 0.643275 0.794221 -0.089354 -0.110481 -0.514586 -0.850291 -0.598127 0.717683 -0.356617 0.793749 0.469183 -0.387078
VERTEX_POSE A107 -0.072868 0.729643 0.727776 -0.664978 -0.621773 -0.413766 0.349619 -0.748707 0.563209 -0.659978 0.229861 0.715257
VERTEX_POSE A108 -0.842776 -0.715958 0.859016 -0.959089 -0.028526 0.281664 -0.198119 -0.643067 -0.739739 -0.202231 0.765279 -0.611107
VERTEX_POSE A109 0.222248 0.990891 -0.532609 -0.459861 -0.062452 -0.885792 -0.863701 -0.200260 0.462512 0.206274 -0.977750 -0.038152
VERTEX_POSE A110 -0.234943 0.464851 0.031204 0.828195 -0.114188 -0.548683 -0.274245 0.771227 -0.574454 -0.488756 -0.626234 -0.607411
VERTEX_POSE A111 -0.958457 0.956434 -0.899667 -0.154741 0.967559 -0.199713 0.781676 -0.003719 -0.623674 -0.604184 -0.252619 -0.755742
VERTEX_POSE A112 -0.551690 0.102593 0.390744 -0.111587 -0.814871 0.568800 -0.115601 0.579132 0.806996 -0.987008 0.024296 -0.158824
VERTEX_POSE A113 0.195678 -0.792724 -0.398262 0.463401 0.707206 -0.533966 -0.389349 0.703782 0.594221 -0.796032 0.067463 -0.601484
VERTEX_POSE A114 -0.666327 -0.739593 0.044207 0.874876 -0.172947 0.452418 -0.393116 0.292098 0.871859 0.282936 0.940621 -0.187561
VERTEX_POSE A115 0.998018 0.157690 0.870232 0.316694 0.463885 -0.827354 0.425822 -0.848946 -0.312996 0.847573 0.253182 0.466389
VERTEX_POSE A116 -0.252980 -0.278462 0.942625 0.002547 -0.859792 -0.510638 0.164607 0.504035 -0.847852 0.986356 -0.081895 0.142812
VERTEX_POSE A117 0.093860 -0.191314 -0.564792 0.951063 0.297302 -0.084208 0.196761 -0.792815 -0.576827 -0.238253 0.532030 -0.812514
VERTEX_POSE A118 -0.056313 0.754294 -0.912507 0.121474 -0.328799 -0.936555 0.577364 0.790905 -0.202779 0.807400 -0.516101 0.285911
VERTEX_POSE A119 -0.617030 0.681656 -0.128988 0.954202 0.214099 0.208952 -0.033171 0.769862 -0.637348 -0.297320 0.601228 0.741705
VERTEX_POSE A120 -0.033738 -0.372583 0.617196 -0.757921 -0.234856 0.608604 -0.652329 0.279848 -0.704381 -0.004889 -0.930875 -0.365306
VERTEX_POSE A121 -0.422031 -0.952269 0.595982 -0.652365 0.738514 0.170342 -0.534928 -0.607877 0.586803 -0.536910 -0.291689 -0.791609
VERTEX_POSE A122 0.555715 0.248943 -0.607524 0.715987 0.692304 0.089878 -0.654668 0.710550 -0.257932 0.242430 -0.125835 -0.961974
VERTEX_POSE A123 -0.498372 -0.757287 -0.336591 -0.636112 -0.125242 -0.761364 -0.724611 -0.242106 0.645231 -0.265141 0.962132 0.063255
VERTEX_POSE A124 0.504830 0.850591 -0.048651 0.161816 -0.938171 -0.306024 0.778356 -0.069289 0.623987 0.606611 0.339167 -0.719020
VERTEX_POSE A125 0.780205 0.259631 -0.775378 -0.893466 -0.071457 -0.443410 -0.076353 -0.948725 0.306742 -0.442593 0.307919 0.842198
VERTEX_POSE A126 -0.133494 -0.762139 -0.843482 -0.440855 -0.824097 -0.355683 -0.594654 -0.028668 0.803471 -0.672334 0.565722 -0.477414
VERTEX_POSE A127 0.744880 0.750338 -0.127462 0.638668 -0.700302 0.318872 -0.382259 -0.648398 -0.658376 0.667818 0.298592 -0.681808
VERTEX_POSE A128 -0.922207 0.682731 0.216613 -0.730400 0.506497 -0.458232 0.153902 0.775682 0.612072 0.665455 0.376535 -0.644509
VERTEX_POSE A129 0.427506 -0.578664 -0.200635 0.399302 -0.591291 0.700666 -0.861683 0.018991 0.507091 0.313144 0.806235 0.501923
VERTEX_POSE A130 0.232545 0.729560 -0.882124 0.754772 0.034382 -0.655085 -0.587171 -0.409853 -0.698034 0.292489 -0.911503 0.289158
VERTEX_POSE A131 -0.602888 -0.112857 0.348056 0.554896 0.794379 -0.247089 -0.777109 0.388923 -0.494813 0.296970 -0.466585 -0.833131
VERTEX_POSE A132 0.355410 0.860907 0.921366 -0.169644 -0.438728 0.882462 0.974683 -0.207034 0.084443 0.145652 0.874445 0.462743
VERTEX_POSE A133 0.291870 0.864497 -0.130824 0.245894 0.745908 -0.618997 -0.775955 -0.231228 -0.586880 -0.580888 0.624624 0.521933
VERTEX_POSE A134 -0.777726 -0.583115 0.739224 0.791472 -0.153399 0.591642 -0.490021 -0.737814 0.464231 0.365309 -0.657343 -0.659128
VERTEX_POSE A135 0.945546 0.617816 -0.007883 -0.713423 -0.579946 -0.393307 0.335573 -0.775492 0.534792 -0.615157 0.249550 0.747868
VERTEX_POSE A136 0.122169 0.164476 0.628335 -0.197924 -0.392432 0.898233 -0.049979 -0.911129 -0.409079 -0.978942 0.125859 -0.160721
VERTEX_POSE A137 0.865550 -0.788894 -0.350130 0.514470 -0.711094 0.479234 -0.844172 -0.518174 0.137366 0.150647 -0.475227 -0.866871
VERTEX_POSE A138 -0.127321 0.347459 -0.280108 0.933183 -0.353323 -0.065823 -0.264676 -0.551704 -0.790929 -0.243139 -0.755503 0.608357
VERTEX_POSE A139 0.279393 0.448518 0.487351 0.440244 0.222235 0.869941 -0.887719 -0.037605 0.458847 -0.134686 0.974268 -0.180727
VERTEX_POSE A140 0.087798 -0.798004 0.117261 0.783576 0.621287 -0.003483 -0.213498 0.263994 -0.940599 -0.583462 0.737774 0.339503
VERTEX_POSE A141 0.637735 -0.187690 0.751096 0.933528 -0.322800 -0.155966 0.356493 0.881863 0.308594 -0.037927 0.343682 -0.938320
VERTEX_POSE A142 0.320937 0.404953 0.587684 -0.733165 0.613157 0.294123 0.601964 0.786366 -0.138810 -0.316400 0.075280 -0.945634
VERTEX_POSE A143 0.536107 0.304590 -0.491995 0.734819 -0.131515 0.665391 -0.625989 0.246166 0.739960 0.261113 0.960264 -0.098560
VERTEX_POSE A144 -0.166587 0.019586 -0.647166 -0.649748 -0.254331 0.716340 0.514592 -0.840766 0.168248 0.559484 0.477942 0.677163
VERTEX_POSE A145 0.654609 0.665360 -0.368109 0.932021 -0.356612 0.064532 0.037296 0.271505 0.961714 -0.360480 -0.893931 0.266349
VERTEX_POSE A146 0.534126 -0.537721 -0.621763 -0.537983 0.743811 0.396635 -0.270582 0.293252 -0.916945 -0.798348 -0.600623 0.043497
VERTEX_POSE A147 0.580434 0.741124 -0.704541 0.728496 0.266120 0.631248 -0.684211 0.328259 0.651231 0.033908 0.906326 -0.421217
VERTEX_POSE A148 -0.251530 -0.525954 0.067099 0.700765 -0.258456 -0.664928 0.708949 0.148432 0.689463 -0.079499 -0.954551 0.287248
VERTEX_POSE A149 -0.522188 -0.783426 -0.534270 0.082906 0.189874 -0.978302 -0.995646 -0.026181 -0.089457 -0.042599 0.981459 0.186876
VERTEX_POSE A150 0.963404 0.422780 0.166471 -0.196211 0.732902 0.651426 -0.024812 -0.667837 0.743894 0.980248 0.129797 0.149222
VERTEX_POSE A151 0.714732 0.101463 -0.315705 0.760320 0.132668 0.635856 0.267077 0.828489 -0.492215 -0.592101 0.544063 0.594485
VERTEX_POSE A152 0.055781 -0.735696 -0.938289 -0.497397 0.851960 -0.163585 0.124877 -0.116287 -0.985334 -0.858488 -0.510530 -0.048549
VERTEX_POSE A153 0.519118 -0.328278 0.558947 -0.902896 0.277032 0.328683 0.385226 0.182189 0.904659 0.190737 0.943430 -0.271218
VERTEX_POSE A154 -0.783640 0.344176 0.347704 0.492822 -0.818667 0.294807 -0.387258 -0.509765 -0.768226 0.779203 0.264433 -0.568259
VERTEX_POSE A155 -0.439389 -0.885104 0.013061 0.298949 0.212294 -0.930355 0.920757 -0.320272 0.222784 0.250671 0.923232 0.291216
VERTEX_POSE A156 0.299323 0.931354 0.783569 0.145076 -0.651006 -0.745080 0.986389 0.154064 0.057450 0.077389 -0.743273 0.664496
VERTEX_POSE A157 0.082866 0.582038 0.504223 0.004444 0.756576 0.653891 -0.537667 -0.549528 0.639479 0.843145 -0.354418 0.404344
VERTEX_POSE A158 -0.694509 0.865234 0.885599 -0.574799 0.817702 -0.031153 0.797442 0.568285 0.202825 -0.183555 -0.091741 0.978719
VERTEX_POSE A159 0.377116 0.614084 0.000182 0.526952 -0.698927 0.483552 0.343482 0.695556 0.631048 -0.777394 -0.166441 0.606594
VERTEX_POSE A160 -0.489628 -0.996626 -0.696413 0.171400 -0.860118 0.480436 0.617480 0.473774 0.627899 0.767685 -0.189037 -0.612311
VERTEX_POSE A161 0.538036 0.594794 -0.996525 -0.654871 -0.755706 0.007188 0.752238 -0.652722 -0.089954 -0.072670 0.053501 -0.995920
VERTEX_POSE A162 0.774228 -0.498772 -0.651762 0.591341 0.411690 -0.693417 -0.722205 -0.112216 -0.682516 -0.358797 0.904389 0.230967
VERTEX_POSE A163 0.865781 0.864281 -0.775046 0.100681 0.677829 -0.728293 -0.886507 -0.271168 -0.374932 0.451630 -0.683386 -0.573598
VERTEX_POSE A164 -0.170094 0.459291 -0.127349 -0.448169 -0.055682 -0.892213 -0.779129 0.513669 0.359308 -0.438295 -0.856180 0.273594
VERTEX_POSE A165 0.996502 -0.081888 -0.912537 -0.781491 -0.228523 0.580559 -0.513418 -0.293164 -0.806509 0.354505 -0.928349 0.111777
VERTEX_POSE A166 0.811328 0.482098 0.217070 -0.489025 0.693748 -0.528742 -0.659271 -0.690877 -0.296733 -0.571154 0.203475 0.795224
VERTEX_POSE A167 0.952075 -0.376233 -0.499014 -0.292345 0.251053 0.922771 -0.897833 0.260199 -0.355235 0.329287 0.932346 -0.149336
VERTEX_POSE A168 0.862052 0.129218 -0.262667 -0.820620 -0.017356 0.571211 -0.438809 -0.621192 -0.649282 0.366101 -0.783466 0.502146
VERTEX_POSE A169 -0.315994 -0.170443 0.936962 -0.336641 -0.644133 0.686852 -0.734256 0.636237 0.236791 -0.589525 -0.424612 -0.687142
VERTEX_POSE A170 0.231469 -0.927714 0.988337 -0.674646 0.680752 -0.285357 0.424093 0.041064 -0.904687 -0.604150 -0.731362 -0.316406
VERTEX_POSE A171 -0.050150 0.331214 0.854594 0.986414 -0.065733 -0.150557 -0.134018 -0.852020 -0.506064 0.095012 -0.519366 0.849254
VERTEX_POSE A172 -0.678258 0.641867 0.688059 -0.175536 0.764013 -0.620864 -0.913579 0.108572 0.391900 0.366825 0.636001 0.678927
VERTEX_POSE A173 -0.447595 0.477238 0.576021 0.373700 0.655979 0.655774 -0.463247 0.744502 -0.480748 0.803586 0.124130 -0.582101
VERTEX_POSE A174 -0.514042 -0.364196 -0.637402 0.257202 -0.659629 -0.706212 -0.021275 -0.734486 0.678290 -0.966123 -0.159433 -0.202945
VERTEX_POSE A175 0.155155 -0.338547 -0.959107 0.298829 -0.856218 0.421417 -0.243378 -0.495370 -0.833892 0.922750 0.146628 -0.356416
VERTEX_POSE A176 -0.792985 0.142598 -0.792088 0.992284 0.005188 -0.123876 0.082853 0.715536 0.693645 0.092237 -0.698557 0.709585
VERTEX_POSE A177 -0.979917 0.098083 -0.259165 0.834271 -0.004489 -0.551336 -0.546708 0.122809 -0.828268 -0.071427 -0.992420 -0.100002
VERTEX_POSE A178 -0.264411 -0.597423 -0.663648 0.606041 0.635196 -0.478790 0.420186 -0.766737 -0.485344 0.675395 -0.092958 0.731574
VERTEX_POSE A179 -0.044515 0.616644 0.275011 0.618194 -0.782930 0.069682 0.425479 0.258773 -0.867182 0.660911 0.565735 0.493092
VERTEX_POSE A180 -0.502104 0.314657 0.206565 -0.662884 -0.724803 -0.187738 0.748692 -0.639430 -0.174900 0.006723 -0.256497 0.966522
VERTEX_POSE A181 -0.301007 0.825356 0.502823 -0.369068 -0.531889 0.762157 -0.711481 -0.365936 -0.599905 -0.597984 0.763665 0.243374
VERTEX_POSE A182 -0.329783 -0.281893 0.959306 0.286439 -0.134699 0.948582 -0.774330 0.550520 0.311995 -0.564239 -0.823884 0.053389
VERTEX_POSE A183 0.553677 0.578961 0.268276 0.664577 0.676450 0.317417 -0.660545 0.333262 0.672768 0.349311 -0.656774 0.668304
VERTEX_POSE A184 -0.781889 -0.502921 0.061770 0.394762 -0.594680 0.700370 -0.693387 0.307300 0.651752 -0.602808 -0.742915 -0.291034
VERTEX_POSE A185 -0.113423 -0.937717 0.307011 -0.431066 -0.529620 -0.730537 0.682727 0.337920 -0.647838 0.589971 -0.778019 0.215920
VERTEX_POSE A186 -0.885712 0.693856 -0.718663 0.160646 -0.881493 -0.444031 -0.891001 -0.323059 0.318982 -0.424629 0.344389 -0.837309
VERTEX_POSE A187 0.517435 -0.571568 -0.154660 -0.483987 0.538801 -0.689529 0.689056 0.720363 0.079240 0.539406 -0.436772 -0.719910
VERTEX_POSE A188 0.969442 0.644321 -0.188767 0.196722 0.913714 0.355567 0.953294 -0.093475 -0.287217 0.229197 -0.395461 0.889426
VERTEX_POSE A189 -0.580221 0.559090 -0.833065 -0.893241 0.064493 0.444929 0.438073 0.347324 0.829131 0.101062 -0.935525 0.338497
VERTEX_POSE A190 -0.105449 -0.957484 0.845522 -0.256725 -0.178559 -0.949847 0.630020 0.714360 -0.304573 -0.732917 0.676614 0.070898
VERTEX_POSE A191 -0.520186 0.647695 0.114820 -0.808341 0.416224 0.416343 0.548701 0.788933 0.276609 -0.213336 0.452042 -0.866110
VERTEX_POSE A192 0.957815 0.153884 -0.829590 -0.696672 0.170052 -0.696944 0.586945 -0.423479 -0.690044 0.412484 0.889802 -0.195215
VERTEX_POSE A193 -0.331221 -0.456256 -0.806240 0.958538 -0.269075 0.093827 -0.178987 -0.312284 0.932975 0.221740 0.911086 0.347497
VERTEX_POSE A194 -0.654405 0.511977 0.339774 0.043750 -0.663281 -0.747090 -0.997801 0.008264 -0.065769 -0.049798 -0.748324 0.661461
VERTEX_POSE A195 -0.212278 -0.386825 0.043060 -0.407653 -0.524075 -0.747773 0.764691 -0.643494 0.034115 0.499067 0.557908 -0.663077
VERTEX_POSE A196 -0.334719 0.461857 -0.718777 -0.441010 0.890786 -0.109591 0.623119 0.391775 0.676931 0.645936 0.230245 -0.727842
VERTEX_POSE A197 -0.843077 -0.005926 -0.443156 0.600386 -0.449289 -0.661571 -0.314424 -0.893259 0.321288 0.735306 -0.015117 0.677567
VERTEX_POSE A198 -0.260203 0.236943 0.544046 0.842863 0.521295 0.133539 0.457126 -0.562661 -0.688802 0.283932 -0.641610 0.712544
VERTEX_POSE A199 -0.472667 -0.408925 0.018556 -0.489596 0.707705 -0.509361 0.867675 0.337652 -0.364873 -0.086236 -0.620600 -0.779371
VERTEX_POSE A200 -0.159070 0.823631 -0.506193 -0.865471 0.031364 -0.499976 0.259019 0.882294 -0.393022 -0.428800 0.469652 0.771724
VERTEX_POSE A201 0.971266 0.309228 0.532383 -0.637378 0.720621 0.272863 0.739281 0.472033 0.480260 -0.217285 -0.507830 0.833604
VERTEX_POSE A202 0.477183 0.922289 -0.126850 0.631489 0.662560 -0.402786 0.030694 -0.540419 -0.840836 0.774777 -0.518615 0.361605
VERTEX_POSE A203 0.162672 0.465498 -0.818134 0.709937 0.040541 0.703097 0.491806 0.686055 -0.536148 -0.504100 0.726419 0.467118
VERTEX_POSE A204 -0.476329 -0.213533 0.108405 -0.427719 -0.448706 0.784678 0.233216 0.783920 0.575396 0.873308 -0.429107 0.230652
VERTEX_POSE A205 0.963141 -0.441907 0.235748 0.302368 0.150844 -0.941180 -0.780136 -0.528180 -0.335283 0.547687 -0.835627 0.042026
VERTEX_POSE A206 -0.682173 -0.873049 -0.777241 -0.099025 0.984477 -0.144911 0.212425 0.163184 0.963456 0.972147 0.064624 -0.225287
VERTEX_POSE A207 -0.269314 0.929065 0.316317 0.431432 0.891185 -0.140197 0.504249 -0.367078 -0.781657 -0.748064 0.266538 -0.607748
VERTEX_POSE A208 0.983224 0.656176 0.976583 0.495544 0.633966 -0.593736 -0.721519 -0.080120 -0.687743 0.483576 -0.769199 -0.417716
VERTEX_POSE A209 0.053416 -0.470473 -0.440889 0.808792 -0.416634 -0.415058 -0.585958 -0.510788 -0.629085 0.050092 0.752005 -0.657251
VERTEX_POSE A210 0.686170 0.545709 -0.408672 0.615505 -0.427363 0.662204 -0.523781 0.406012 0.748870 0.588903 0.807784 -0.026058
VERTEX_POSE A211 -0.518880 -0.029168 0.183148 0.629456 0.708152 -0.319851 -0.748642 0.662952 -0.005523 -0.208135 -0.242930 -0.947452
VERTEX_POSE A212 0.752409 -0.645116 -0.938066 0.805494 -0.575626 -0.140834 -0.150301 -0.428324 0.891038 -0.573227 -0.696558 -0.431530
VERTEX_POSE A213 -0.643613 -0.736183 -0.449365 -0.360794 -0.922400 0.137861 -0.414911 0.291129 0.862028 -0.835270 0.253815 -0.487751
VERTEX_POSE A214 -0.965203 -0.450207 -0.548576 0.483828 -0.148597 -0.862456 0.342746 -0.874586 0.342964 0.805255 0.461538 0.372218
VERTEX_POSE A215 0.970520 -0.148038 0.123704 0.395901 0.917955 -0.024925 0.479784 -0.229915 -0.846727 0.782988 -0.323261 0.531444
VERTEX_POSE A216 0.242964 -0.673900 0.857645 0.799513 0.568678 0.193350 0.555782 -0.822489 0.120905 -0.227785 -0.010796 0.973652
VERTEX_POSE A217 -0.850915 -0.756350 -0.267240 0.955496 0.009197 0.294860 0.135952 0.873319 -0.467794 0.261809 -0.487063 -0.833202
VERTEX_POSE A218 0.487955 0.280394 0.969044 -0.366449 -0.005697 -0.930421 0.708154 0.646918 -0.282870 0.603517 -0.762539 -0.233028
VERTEX_POSE A219 0.212406 0.970421 -0.331122 0.643529 -0.333077 -0.689152 -0.513705 -0.855404 -0.066269 -0.567430 0.396667 -0.721580
VERTEX_POSE A220 -0.431135 0.802740 -0.100305 0.776015 -0.575269 0.258585 -0.366915 -0.745230 -0.556781 -0.513004 -0.337192 0.789385
VERTEX_POSE A221 -0.617495 0.322911 0.814565 0.782373 0.600422 -0.165484 -0.094102 -0.148694 -0.984396 -0.615659 0.785737 -0.059834
VERTEX_POSE A222 0.692220 0.618116 0.783699 -0.718572 0.326419 0.614089 0.685846 0.478874 0.547992 0.115196 -0.814942 0.567979
VERTEX_POSE A223 -0.473320 -0.043376 0.070105 0.086751 0.912436 0.399918 0.523764 -0.383247 0.760784 0.847434 0.143463 -0.511149
VERTEX_POSE A224 0.051284 0.866655 -0.991674 -0.664576 0.035760 -0.746364 0.106711 0.993158 -0.047433 -0.739562 0.111168 0.663845
VERTEX_POSE A225 -0.962184 0.130093 0.123473 -0.533812 0.302877 -0.789500 -0.836001 -0.329335 0.438910 0.127074 -0.894318 -0.429008
VERTEX_POSE A226 0.314402 0.569800 -0.886835 0.683663 0.060881 0.727254 -0.071081 -0.986221 0.149381 -0.726328 0.153821 0.669916
VERTEX_POSE A227 0.716565 0.328512 -0.710451 -0.505574 0.344546 -0.791002 -0.494995 -0.866741 -0.061157 0.706665 -0.360623 -0.608750
VERTEX_POSE A228 -0.805261 -0.875833 0.680317 0.218330 -0.065515 0.973673 -0.436873 -0.898741 0.037488 0.872624 -0.433557 -0.224844
VERTEX_POSE A229 -0.945801 -0.193258 0.657212 0.828352 0.141317 -0.542091 0.129226 -0.989765 -0.060555 -0.545100 -0.019891 -0.838135
VERTEX_POSE A230 -0.756101 0.919586 0.308105 -0.838097 -0.060487 0.542157 0.435533 0.524251 0.731760 -0.328489 0.849413 -0.413029
VERTEX_POSE A231 0.035669 0.947798 -0.825876 0.505270 -0.457851 -0.731488 -0.847663 -0.104425 -0.520156 0.161768 0.882875 -0.440866
VERTEX_POSE A232 -0.974536 -0.884029 0.189595 -0.643076 -0.305291 0.702318 -0.736641 0.497273 -0.458345 -0.209315 -0.812107 -0.544674
VERTEX_POSE A233 0.721082 0.841875 -0.818745 -0.500766 0.273912 0.821100 -0.803018 -0.501107 -0.322573 0.323103 -0.820892 0.470894
VERTEX_POSE A234 -0.801660 0.413296 -0.644010 0.557362 0.686023 -0.467675 0.688735 -0.696593 -0.201003 -0.463672 -0.210073 -0.860743
VERTEX_POSE A235 -0.450865 -0.097562 -0.702000 -0.535036 0.515386 -0.669413 -0.485599 0.460784 0.742881 0.691325 0.722534 0.003735
VERTEX_POSE A236 0.684223 -0.600032 0.417003 -0.633169 0.741135 0.223196 -0.010558 0.280065 -0.959923 -0.773942 -0.610150 -0.169504
VERTEX_POSE A237 -0.483833 0.540247 -0.421251 0.390887 -0.780922 0.487205 -0.411717 -0.621755 -0.666266 0.823223 0.059844 -0.564555
VERTEX_POSE A238 0.279821 -0.168497 0.614317 0.626988 0.778462 -0.029704 0.389704 -0.346434 -0.853296 -0.674549 0.523431 -0.520580
VERTEX_POSE A239 0.667447 -0.943856 0.393586 0.267164 0.012394 -0.963571 0.913515 0.315066 0.257338 0.306778 -0.948989 0.072852
VERTEX_POSE A240 0.569583 -0.930226 0.137859 0.690752 0.657324 -0.301309 -0.655070 0.392415 -0.645673 0.306178 -0.643379 -0.701654
VERTEX_POSE A241 -0.034008 -0.622788 -0.794354 -0.096780 0.943989 0.315466 -0.105775 0.305404 -0.946330 0.989669 0.124954 -0.070294
VERTEX_POSE A242 -0.851433 0.026976 -0.423266 -0.206253 -0.044666 0.977479 0.712156 -0.691922 0.118651 0.671039 0.720589 0.174520
VERTEX_POSE A243 0.321992 -0.575342 0.199793 -0.434518 0.389163 -0.812248 -0.735114 -0.674301 0.070184 -0.520387 0.627591 0.579075
VERTEX_POSE A244 0.322379 -0.358972 -0.243720 0.953673 -0.285676 -0.094329 -0.281724 -0.738017 -0.613158 -0.105548 -0.611326 0.784308
VERTEX_POSE A245 -0.816636 0.576769 0.028158 0.637301 0.565278 -0.523745 0.689397 -0.114513 0.715275 -0.344354 0.816913 0.462680
VERTEX_POSE A246 0.292512 0.276621 -0.676503 -0.427628 -0.307542 -0.850031 -0.846588 0.465908 0.257330 -0.316897 -0.829667 0.459597
VERTEX_POSE A247 -0.434657 -0.032872 -0.386075 0.518462 -0.418799 -0.745523 0.308793 -0.721324 0.619950 0.797398 0.551633 0.244657
VERTEX_POSE A248 -0.667551 0.820419 0.760918 0.482772 -0.746903 0.457239 0.614340 -0.083251 -0.784637 -0.624114 -0.659701 -0.418661
VERTEX_POSE A249 -0.219533 -0.442985 -0.707459 -0.298909 0.916185 0.266944 0.932984 0.221802 0.283452 0.200486 0.333781 -0.921084
VERTEX_POSE A250 0.777749 -0.062450 0.282804 -0.645145 0.578570 -0.499044 0.408027 -0.291332 -0.865239 0.645989 0.761828 0.048121
VERTEX_POSE A251 -0.098686 0.623158 -0.339386 0.673542 0.650274 -0.351405 0.281834 -0.665440 -0.691201 -0.683309 0.366515 -0.631471
VERTEX_POSE A252 0.162972 0.879926 -0.892894 -0.943793 -0.323743 -0.066676 0.303375 -0.768344 -0.563570 -0.131222 0.552122 -0.823373
VERTEX_POSE A253 0.469969 -0.444334 0.066503 -0.593637 0.237364 0.768930 -0.569983 -0.798537 -0.193540 0.568080 -0.553169 0.609335
VERTEX_POSE A254 0.427994 -0.420217 0.730719 0.231276 0.950314 0.208363 0.854041 -0.095736 -0.511320 0.465967 -0.296207 0.833748
VERTEX_POSE A255 -0.785744 0.746581 -0.884568 0.588980 -0.642681 -0.489963 -0.784162 -0.601099 -0.154176 0.195430 -0.475017 0.858001
VERTEX_POSE A256 0.507785 0.685759 -0.810025 -0.744963 -0.364754 -0.558556 -0.112250 0.893883 -0.434020 -0.657594 0.260631 0.706853
VERTEX_POSE A257 -0.257605 -0.850418 0.843884 -0.734995 0.470775 -0.488009 0.594292 0.100704 -0.797920 0.326497 0.876487 0.353794
VERTEX_POSE A258 0.930822 0.075092 -0.595019 -0.750060 -0.625663 -0.214373 0.272856 -0.588004 0.761446 -0.602461 0.512637 0.611755
VERTEX_POSE A259 0.702524 0.809925 0.870293 -0.420727 0.353523 -0.835470 0.545665 -0.637108 -0.544374 -0.724734 -0.684920 0.075144
VERTEX_POSE A260 -0.203406 -0.043675 0.501096 0.834561 0.452244 0.314616 -0.143271 -0.373266 0.916595 0.531960 -0.810030 -0.246719
VERTEX_POSE A261 -0.825279 -0.005322 0.713086 -0.566548 0.722633 0.396011 -0.445675 -0.672938 0.590363 -0.693107 -0.157977 -0.703311
VERTEX_POSE A262 -0.261808 0.757724 -0.955583 -0.488738 -0.834345 -0.254959 -0.465686 0.496615 -0.732469 -0.737748 0.239254 0.631257
VERTEX_POSE A263 -0.177942 0.072295 -0.309309 -0.062755 0.319046 -0.945659 -0.497760 -0.831274 -0.247424 -0.865042 0.455184 0.210975
VERTEX_POSE A264 0.895803 -0.163447 0.894341 0.589039 -0.799803 0.115534 0.479386 0.230746 -0.846726 -0.650555 -0.554140 -0.519333
VERTEX_POSE A265 -0.063467 0.171020 -0.599594 -0.142537 -0.243936 -0.959259 0.638909 -0.762877 0.099061 0.755962 0.598760 -0.264591
VERTEX_POSE A266 0.371194 0.974733 -0.011309 -0.393625 -0.470987 0.789450 0.381578 -0.865012 -0.325810 0.836336 0.172990 0.520209
VERTEX_POSE A267 0.580026 0.236521 0.311343 -0.424079 0.085342 -0.901595 0.213923 0.976816 -0.008160 0.879996 -0.196332 -0.432504
VERTEX_POSE A268 0.452700 -0.288733 -0.020845 0.330544 0.935518 0.124686 0.893319 -0.352749 0.278478 0.304504 0.019335 -0.952315
VERTEX_POSE A269 -0.348985 -0.193764 -0.396991 0.186374 0.689737 -0.699662 0.917164 0.133176 0.375598 -0.352243 0.711707 0.607782
VERTEX_POSE A270 0.247474 0.292665 -0.295070 0.362519 0.023402 -0.931682 -0.914983 0.198968 -0.351024 -0.177160 -0.979727 -0.093542
VERTEX_POSE A271 0.022283 -0.218959 -0.882986 -0.262533 0.634541 0.726934 0.682947 0.654396 -0.324576 0.681659 -0.411246 0.605159
VERTEX_POSE A272 0.617006 0.183448 -0.191346 -0.304000 0.055011 0.951083 0.263747 0.964170 0.028535 0.915435 -0.259520 0.307616
VERTEX_POSE A273 0.396041 -0.680360 0.281664 0.136094 0.960521 -0.242648 0.266080 -0.271366 -0.924966 0.954295 -0.061319 0.292507
VERTEX_POSE A274 -0.655725 0.205700 0.316808 0.580498 0.466522 -0.667367 -0.179449 -0.726150 -0.663705 0.794241 -0.505038 0.337812
VERTEX_POSE A275 -0.060615 0.824476 0.564935 -0.058690 0.700960 0.710781 -0.275814 0.672907 -0.686384 -0.959418 -0.236327 0.153842
VERTEX_POSE A276 0.579405 0.896409 -0.690178 0.380940 0.803481 0.457496 0.283026 0.369719 -0.884988 0.880216 -0.466611 0.086565
VERTEX_POSE A277 0.636787 -0.517680 0.640305 -0.034995 0.146768 -0.988552 -0.932084 -0.361650 -0.020698 -0.360547 0.920689 0.149456
VERTEX_POSE A278 0.504728 -0.208396 -0.821140 -0.157871 -0.338647 0.927575 0.384790 -0.886198 -0.258050 -0.909403 -0.316183 -0.270213
VERTEX_POSE A279 0.911854 0.716828 -0.929260 -0.888930 -0.417136 0.189210 -0.453591 0.859127 -0.236975 -0.063705 -0.296478 -0.952912
VERTEX_POSE A280 -0.582746 0.039335 0.932845 -0.063766 0.817658 -0.572162 -0.172407 0.555682 0.813322 0.982960 0.150507 0.105537
VERTEX_POSE A281 0.282476 0.729154 0.461664 -0.262191 -0.248192 -0.932554 -0.955286 -0.070132 0.287247 0.136695 -0.966169 0.218706
VERTEX_POSE A282 -0.186832 0.339987 -0.268646 -0.366115 -0.337090 -0.867369 0.741319 -0.669066 -0.052887 -0.562500 -0.662360 0.494847
VERTEX_POSE A283 0.580226 -0.080739 -0.960048 -0.347625 0.136019 -0.927715 0.723430 -0.590532 -0.357659 -0.596494 -0.795469 0.106884
VERTEX_POSE A284 -0.247554 -0.715180 -0.471834 0.790775 0.125820 0.599036 0.612047 -0.176206 -0.770941 0.008554 0.976279 -0.216347
VERTEX_POSE A285 -0.758838 0.919769 -0.537927 -0.493794 -0.754043 -0.433113 0.742768 -0.106750 -0.660984 -0.452175 0.648093 -0.612791
VERTEX_POSE A286 0.794483 -0.334159 -0.844616 0.882213 -0.163738 -0.441463 -0.456814 -0.524863 -0.718220 -0.114107 0.835290 -0.537839
VERTEX_POSE A287 -0.739770 0.970578 -0.281858 0.477050 -0.875885 -0.072453 -0.502726 -0.339568 0.794959 -0.720895 -0.342811 -0.602321
VERTEX_POSE A288 -0.016442 -0.930648 -0.694043 0.808247 0.524402 -0.267842 -0.259960 0.725907 0.636773 0.528353 -0.445042 0.723036
VERTEX_POSE A289 0.725305 0.740934 -0.439636 0.217995 -0.373642 -0.901593 -0.625722 -0.762462 0.164691 -0.748966 0.528245 -0.400009
VERTEX_POSE A290 0.962754 0.780504 -0.411566 -0.262223 0.357191 -0.896467 -0.503917 -0.842941 -0.188464 -0.822987 0.402325 0.401033
VERTEX_POSE A291 0.780152 0.025676 0.807053 0.242186 -0.967125 -0.077558 -0.767375 -0.239852 0.594649 -0.593702 -0.084500 -0.800236
VERTEX_POSE A292 0.900025 -0.264388 -0.726550 0.651669 -0.547046 0.525422 -0.131221 -0.763573 -0.632248 0.747067 0.343070 -0.569381
VERTEX_POSE A293 -0.299054 0.538227 -0.367149 0.017786 0.411119 -0.911408 0.912227 0.366484 0.183116 0.409299 -0.834668 -0.368515
VERTEX_POSE A294 -0.397790 -0.902028 -0.502255 0.370591 0.523628 0.767122 0.841111 -0.539522 -0.038064 0.393948 0.659341 -0.640371
VERTEX_POSE A295 0.795828 0.572165 -0.832209 0.439816 0.150347 0.885414 0.869483 0.175557 -0.461713 0.224857 -0.972921 0.053511
VERTEX_POSE A296 0.637479 -0.290753 0.033257 0.501764 0.698637 0.510038 -0.842111 0.529291 0.103441 0.197691 0.481412 -0.853909
VERTEX_POSE A297 0.973404 -0.927295 0.486436 -0.274100 0.126216 0.953383 0.485824 -0.837381 0.250534 0.829966 0.531848 0.168207
VERTEX_POSE A298 0.375854 -0.191314 0.479134 -0.751413 -0.645856 0.135088 -0.630607 0.642665 -0.435105 -0.194199 0.412131 0.890188
VERTEX_POSE A299 0.090179 0.420514 -0.987587 -0.052610 -0.696323 0.715798 0.942490 -0.271540 -0.194880 0.330067 0.664380 0.670564
VERTEX_POSE A300 -0.375581 -0.121059 -0.910555 0.780897 -0.484266 -0.394571 -0.396718 0.103434 -0.912094 -0.482508 -0.868785 0.111346
VERTEX_POSE A301 -0.376672 -0.898649 -0.815936 0.664278 0.647193 0.374000 0.418515 -0.736590 0.531300 0.619339 -0.196407 -0.760161
VERTEX_POSE A302 -0.887538 -0.798445 -0.870573 -0.577388 0.377923 0.723738 -0.091712 -0.910834 0.402455 -0.811302 -0.165998 -0.560565
VERTEX_POSE A303 -0.758575 -0.937612 -0.101901 -0.823408 0.084844 0.561071 -0.263974 0.817986 -0.511093 -0.502312 -0.568946 -0.651140
VERTEX_POSE A304 -0.980631 -0.579009 0.465728 -0.992804 0.111330 0.044115 0.105644 0.640776 0.760424 0.056391 0.759613 -0.647926
