VERTEX_POSE A0 0.407623 -0.792981 0.388778 -0.334124 0.292625 -0.895953 0.193020 0.951681 0.238844 0.922553 -0.093133 -0.374462
VERTEX_POSE A1 0.360738 -0.818804 0.618506 0.049320 -0.754542 -0.654396 -0.990753 0.045954 -0.127656 0.126393 0.654641 -0.745298
VERTEX_POSE A2 -0.477894 -0.397475 0.223331 0.783325 0.621052 0.026404 0.441425 -0.525852 -0.727065 0.437660 -0.581184 0.686060
VERTEX_POSE A3 0.540681 -0.720400 -0.950424 -0.250018 0.966831 0.052237 0.393729 0.052232 0.917741 0.884572 0.250019 -0.393728
VERTEX_POSE A4 -0.559293 -0.927377 0.740692 -0.552772 0.295391 -0.779222 -0.461692 0.669883 0.581461 -0.693746 -0.681176 0.233913
VERTEX_POSE A5 0.240872 0.625081 -0.660661 -0.080512 -0.745426 0.661708 -0.981282 0.175788 0.078634 -0.174936 -0.642992 -0.745627
VERTEX_POSE A6 -0.428058 -0.517571 -0.167776 -0.445755 0.228878 0.865400 -0.330646 0.856294 -0.396780 -0.831851 -0.463008 -0.306020
VERTEX_POSE A7 0.115662 -0.535941 0.312843 0.561259 0.807291 -0.182398 0.705699 -0.581940 -0.404146 -0.432408 0.098113 -0.896324
VERTEX_POSE A8 0.680813 0.727880 -0.848912 0.944061 0.213764 -0.251103 -0.252375 -0.021783 -0.967384 -0.212262 0.976642 0.033384
VERTEX_POSE A9 -0.217535 -0.475046 0.187883 0.459528 -0.882991 0.095709 -0.494733 -0.343975 -0.798073 0.737613 0.319386 -0.594911
VERTEX_POSE A10 0.233088 -0.347795 0.376109 -0.305486 -0.643144 -0.702170 -0.216980 0.765039 -0.606329 -0.927145 0.032868 0.373258
VERTEX_POSE A11 -0.201794 -0.842632 -0.372602 0.457065 0.713844 -0.530583 0.846624 -0.166334 0.505531 0.272616 -0.680265 -0.680382
VERTEX_POSE A12 0.459488 0.511568 0.914560 0.567112 0.768402 -0.296552 -0.611751 0.634049 0.473015 0.551494 -0.086836 0.829647
VERTEX_POSE A13 0.452441 -0.788165 0.830711 -0.753764 -0.260836 0.603162 -0.635989 0.520574 -0.569667 0.165401 0.812999 0.558279
VERTEX_POSE A14 -0.336838 -0.131544 0.587840 0.068141 0.974514 -0.213727 -0.676086 0.202640 0.708410 0.733665 0.096226 0.672663
VERTEX_POSE A15 0.031902 0.461440 -0.622897 0.089931 -0.933048 0.348330 -0.995433 -0.095452 0.001316 0.032021 -0.346858 -0.937371
VERTEX_POSE A16 -0.496416 -0.117449 0.178963 0.326417 -0.781836 -0.531210 0.422666 0.623407 -0.657813 0.845462 -0.009803 0.533946
VERTEX_POSE A17 -0.916985 -0.141319 0.067771 0.090609 0.112665 -0.989493 -0.992470 -0.072010 -0.099081 -0.082417 0.991020 0.105291
VERTEX_POSE A18 0.982449 0.758665 0.411380 0.481249 0.468460 -0.740908 0.310040 -0.881554 -0.356004 -0.819924 -0.058385 -0.569488
VERTEX_POSE A19 -0.603850 0.951562 -0.164243 0.374295 -0.920970 -0.108249 0.926807 0.375379 0.010961 -0.030540 0.104428 -0.994063
VERTEX_POSE A20 0.866434 0.516790 0.947712 -0.000761 -0.531629 0.846977 0.859375 -0.433445 -0.271292 0.511345 0.727665 0.457199
VERTEX_POSE A21 -0.386560 0.035662 0.015358 -0.382300 -0.740496 0.552732 0.787624 -0.573940 -0.224144 -0.483213 -0.349655 -0.802650
VERTEX_POSE A22 -0.527190 -0.535264 -0.661698 0.549734 -0.831781 -0.077027 -0.824550 -0.555095 0.109490 0.133829 -0.003322 0.990999
VERTEX_POSE A23 0.693506 0.154961 0.019851 -0.726263 0.137645 -0.673496 -0.642705 0.211615 0.736308 -0.243870 -0.967612 0.065223
VERTEX_POSE A24 -0.351940 -0.604354 0.315596 -0.895816 -0.278576 0.346277 0.129261 -0.908794 -0.396718 -0.425211 0.310627 -0.850121
VERTEX_POSE A25 -0.492904 0.738739 -0.172794 0.176125 0.977801 -0.113510 0.198443 -0.148214 -0.968841 -0.964158 0.148112 -0.220142
VERTEX_POSE A26 0.087974 -0.367248 0.325642 -0.470703 -0.619867 0.627857 -0.663353 0.717830 0.211382 -0.581723 -0.316993 -0.749075
VERTEX_POSE A27 0.330136 0.628001 0.637544 -0.606152 0.605999 -0.515116 -0.590620 -0.776729 -0.218769 -0.532680 0.171630 0.828731
VERTEX_POSE A28 0.679474 0.048123 -0.042948 0.456533 0.204062 -0.865989 0.823178 0.272426 0.498159 0.337574 -0.940288 -0.043608
VERTEX_POSE A29 -0.860951 0.175830 -0.607410 0.463829 -0.856719 -0.225600 0.536999 0.474415 -0.697540 0.704624 0.202392 0.680105
VERTEX_POSE A30 -0.043831 0.062749 -0.455156 -0.444922 0.557872 0.700588 -0.517826 -0.798507 0.306988 0.730685 -0.226197 0.644154
VERTEX_POSE A31 0.087097 0.255142 -0.654170 0.804750 0.014192 0.593445 -0.010547 -0.999215 0.038199 0.593521 -0.036999 -0.803968
VERTEX_POSE A32 0.499787 0.357026 -0.988904 0.455616 0.762501 -0.459354 -0.729760 0.024432 -0.683267 0.509769 -0.646526 -0.567574
VERTEX_POSE A33 0.478275 0.665274 0.768175 -0.583620 0.124080 0.802491 0.550977 -0.665445 0.503594 0.596500 0.736062 0.320002
VERTEX_POSE A34 -0.372223 0.534743 -0.604593 -0.036087 0.462790 -0.885733 -0.492613 0.762911 0.418687 -0.869500 -0.451433 -0.200445
VERTEX_POSE A35 0.940494 0.429649 0.751789 -0.006801 0.767471 0.641048 0.540496 -0.536529 0.648074 -0.841319 -0.350891 0.411166
VERTEX_POSE A36 -0.280853 0.290355 -0.892486 -0.854383 -0.219100 -0.471195 -0.209343 -0.684802 0.698012 0.475610 -0.695011 -0.539216
VERTEX_POSE A37 0.199719 -0.982828 0.227630 -0.673568 -0.312549 -0.669790 -0.707643 0.011040 0.706484 0.213416 -0.949837 0.228610
VERTEX_POSE A38 0.056156 0.893708 0.064632 -0.023762 -0.597487 0.801526 0.696514 -0.585033 -0.415457 0.717150 0.548402 0.430060
VERTEX_POSE A39 -0.600040 0.018235 -0.741398 0.155223 0.978294 0.137286 -0.301836 -0.085358 0.949531 -0.940638 0.188827 -0.282035
VERTEX_POSE A40 0.982184 -0.457875 -0.584487 0.435189 -0.773838 -0.460202 0.107565 0.552169 -0.826764 0.893890 0.310297 0.323536
VERTEX_POSE A41 -0.710756 -0.454088 -0.559259 0.612033 0.713754 -0.340545 0.790790 -0.556771 0.254277 -0.008114 -0.424926 -0.905192
VERTEX_POSE A42 0.198166 0.175603 -0.114000 0.955056 0.234821 0.180907 0.269948 -0.436870 -0.858063 -0.122458 0.868334 -0.480624
VERTEX_POSE A43 0.441672 -0.946307 -0.669927 0.335131 -0.889103 0.311741 0.327149 -0.200475 -0.923463 0.883550 0.411467 0.223684
VERTEX_POSE A44 0.741685 -0.242253 -0.728548 0.975858 0.168772 -0.138629 0.207164 -0.916291 0.342773 0.069175 0.363217 0.929133
VERTEX_POSE A45 0.861328 -0.955940 -0.526159 0.049285 0.560449 -0.826721 -0.396351 0.770738 0.498868 0.916775 0.303086 0.260120
VERTEX_POSE A46 -0.526426 0.515134 -0.292823 0.093839 0.975844 0.197287 -0.295824 -0.161882 0.941426 -0.950622 0.146704 -0.273487
VERTEX_POSE A47 -0.754731 0.640298 0.450415 -0.579145 0.636944 0.508816 -0.812591 -0.400904 -0.423051 -0.065474 -0.658467 0.749756
VERTEX_POSE A48 0.944343 -0.097260 0.541611 -0.415942 0.172530 0.892875 0.659811 0.732923 0.165748 -0.625813 0.658071 -0.418690
VERTEX_POSE A49 -0.543977 0.273799 -0.881444 -0.781128 0.234110 0.578820 0.218611 -0.765816 0.604761 0.584850 0.598931 0.547021
VERTEX_POSE A50 -0.358581 0.591860 -0.713828 -0.326099 0.055349 0.943714 -0.737230 -0.639769 -0.217226 -0.591736 0.766572 -0.249433
VERTEX_POSE A51 0.810778 -0.580469 0.489323 0.430904 -0.654198 0.621568 -0.562754 -0.733261 -0.381624 0.705429 -0.185347 -0.684117
VERTEX_POSE A52 0.069463 -0.690539 0.133915 -0.530665 0.636459 -0.559746 -0.735364 -0.674115 -0.069344 -0.421468 0.374818 0.825758
VERTEX_POSE A53 0.114229 -0.943404 -0.375526 0.287758 0.716255 0.635747 -0.740360 0.587458 -0.326742 0.607505 0.376659 -0.699332
VERTEX_POSE A54 0.504284 0.574491 -0.490825 0.523944 -0.711150 -0.468774 -0.677104 -0.013866 -0.735757 -0.516733 -0.702904 0.488787
VERTEX_POSE A55 0.717523 -0.294893 -0.550489 0.056496 -0.362659 0.930208 -0.834300 0.494619 0.243508 0.548408 0.789829 0.274623
VERTEX_POSE A56 0.621325 0.795336 0.451680 -0.629177 -0.169331 0.758593 0.484249 -0.848816 0.212166 -0.607979 -0.500838 -0.616054
VERTEX_POSE A57 -0.407741 -0.792757 0.834817 0.301408 0.639227 0.707490 0.707861 -0.647128 0.283123 0.638816 0.415469 -0.647533
VERTEX_POSE A58 0.047658 -0.666892 -0.912945 -0.919499 -0.307516 0.244858 -0.383106 0.840562 -0.382996 -0.088041 -0.445971 -0.890707
VERTEX_POSE A59 0.300799 -0.156541 -0.591268 -0.596651 -0.491804 0.634143 0.635798 -0.771856 -0.000398 -0.489663 -0.402949 -0.773216
VERTEX_POSE A60 -0.268692 0.383073 -0.772593 -0.470016 -0.699788 -0.537941 0.676847 -0.676930 0.289211 -0.566536 -0.228170 0.791818
VERTEX_POSE A61 -0.996173 0.395857 -0.368101 0.793768 0.177996 -0.581592 -0.549566 0.619591 -0.560433 -0.260594 -0.764477 -0.589632
VERTEX_POSE A62 -0.612105 -0.901399 -0.245437 0.760839 -0.504936 -0.407633 0.068899 0.687454 -0.722953 -0.645273 -0.521965 -0.557831
VERTEX_POSE A63 -0.768906 -0.259901 -0.761497 -0.287576 0.800611 0.525664 -0.628004 -0.572016 0.527644 -0.723126 0.178381 -0.667285
VERTEX_POSE A64 0.482102 0.061131 -0.599926 -0.941991 0.230454 -0.244014 -0.047849 -0.811800 -0.581972 0.332209 0.536537 -0.775736
VERTEX_POSE A65 0.015672 0.633343 0.149969 -0.848888 -0.485553 -0.208872 -0.210296 0.672788 -0.709317 -0.484938 0.558206 0.673232
VERTEX_POSE A66 -0.828412 -0.830253 0.990292 -0.693258 -0.605196 -0.391320 0.554570 -0.101199 -0.825960 -0.460267 0.789618 -0.405781
VERTEX_POSE A67 -0.798751 -0.648514 -0.492412 0.405765 0.694440 -0.594229 0.285142 -0.713890 -0.639574 -0.868360 0.090077 -0.487685
VERTEX_POSE A68 -0.784608 0.650515 -0.622401 0.227075 0.900661 -0.370469 -0.916409 0.326354 0.231707 0.329593 0.286886 0.899480
VERTEX_POSE A69 0.227744 -0.936545 0.054924 -0.578014 -0.653888 0.488190 -0.746825 0.182789 -0.639406 0.328864 -0.734178 -0.593995
VERTEX_POSE A70 -0.398791 0.369721 -0.233809 -0.584329 -0.532585 0.612301 -0.462410 -0.401529 -0.790539 0.666886 -0.745069 -0.011648
VERTEX_POSE A71 -0.802424 -0.807359 -0.206887 -0.319718 0.720129 0.615788 -0.733939 0.222813 -0.641629 -0.599261 -0.657091 0.457293
VERTEX_POSE A72 0.516988 -0.390633 0.495664 -0.318884 0.787925 0.526771 -0.698747 0.180072 -0.692335 0.640364 0.588854 -0.493138
VERTEX_POSE A73 0.799375 -0.454676 0.652191 0.705588 -0.540330 0.458464 -0.006253 -0.651702 -0.758450 0.708595 0.532286 -0.463211
VERTEX_POSE A74 0.639248 -0.753666 0.123186 0.046163 -0.966712 -0.251669 -0.427872 -0.246792 0.869494 0.902660 -0.067543 0.425022
VERTEX_POSE A75 0.258674 0.367115 0.767116 0.908427 0.386071 0.160346 0.355054 -0.510062 -0.783437 -0.220675 0.768626 -0.600430
VERTEX_POSE A76 0.660703 -0.410616 -0.873968 -0.108490 -0.138499 -0.984402 0.805762 0.567712 -0.168676 -0.582218 0.811493 -0.050006
VERTEX_POSE A77 -0.887178 0.761468 0.830363 -0.739250 0.350232 0.575192 0.639852 0.098952 0.762101 -0.209996 -0.931422 0.297247
VERTEX_POSE A78 0.503943 0.007413 0.217531 -0.620764 -0.660612 0.422189 -0.563350 0.750370 0.345806 0.545241 0.023176 0.837959
VERTEX_POSE A79 0.605046 0.492124 0.667643 -0.293237 -0.373253 0.880167 -0.926753 -0.115148 -0.357588 -0.234820 0.920556 0.312148
VERTEX_POSE A80 -0.431155 0.035267 0.948919 0.307500 0.762298 0.569513 -0.741067 0.567281 -0.359183 0.596879 0.311599 -0.739353
VERTEX_POSE A81 -0.854638 -0.400727 0.503702 0.063322 0.717592 0.693579 0.310279 0.646376 -0.697083 -0.948534 0.259344 -0.181724
VERTEX_POSE A82 0.415824 0.911655 0.156966 -0.908233 -0.233376 -0.347345 0.332103 -0.906993 -0.258982 0.254599 0.350570 -0.901266
VERTEX_POSE A83 0.638308 0.344728 0.082834 -0.575952 -0.702639 0.417825 -0.669013 0.698854 0.253032 -0.469788 -0.133796 -0.872581
VERTEX_POSE A84 0.259591 -0.344131 -0.871824 0.404210 0.487534 -0.773902 -0.323816 -0.715031 -0.619576 -0.855428 0.501041 -0.131152
VERTEX_POSE A85 -0.079892 0.486146 0.666140 -0.784574 0.364889 0.501298 -0.485901 -0.864059 -0.131537 -0.385155 0.346781 -0.855218
VERTEX_POSE A86 0.355831 -0.950165 0.532344 0.100883 0.434827 0.894845 -0.577480 0.758003 -0.303229 0.810148 0.486165 -0.327574
VERTEX_POSE A87 -0.119084 -0.548795 0.579856 -0.267409 0.617935 -0.739357 -0.598608 0.494744 0.629998 0.755090 0.611052 0.237602
VERTEX_POSE A88 0.512367 0.693389 0.500957 0.213344 0.975703 -0.049883 -0.908925 0.216947 0.356074 0.358244 -0.030627 0.933126
VERTEX_POSE A89 -0.596511 -0.617058 0.619400 -0.686054 0.400311 -0.607521 -0.132490 0.752319 0.645339 -0.715385 -0.523228 0.463094
VERTEX_POSE A90 -0.818285 0.294664 0.988588 0.890460 0.419647 -0.176000 -0.203800 0.713568 0.670288 0.406873 -0.560996 0.720928
VERTEX_POSE A91 -0.756325 0.076462 0.728364 0.172566 -0.967883 0.182820 -0.688880 0.014071 0.724739 0.704035 0.251006 0.664327
VERTEX_POSE A92 -0.592684 0.778799 -0.748701 -0.682849 -0.008139 -0.730514 -0.623809 -0.513946 0.588832 0.380237 -0.857784 -0.345870
VERTEX_POSE A93 -0.430389 0.393264 -0.256850 -0.958743 -0.234526 0.160653 0.255654 -0.958455 0.126509 0.124309 0.162361 0.978870
VERTEX_POSE A94 -0.525231 0.816561 0.966868 0.998055 0.006557 -0.061990 0.062322 -0.084246 0.994494 0.001299 -0.996423 -0.084491
VERTEX_POSE A95 0.889419 -0.160070 -0.348627 -0.875657 0.298113 0.379938 0.479650 0.628452 0.612360 0.056220 -0.718454 0.693299
VERTEX_POSE A96 0.585283 0.026608 0.893120 -0.551039 0.831109 -0.074924 -0.711573 -0.421079 0.562455 0.435913 0.363249 0.823426
VERTEX_POSE A97 -0.353643 0.986308 0.957160 0.017384 0.442805 -0.896449 -0.395156 -0.820550 -0.412977 -0.918450 0.361416 0.160713
VERTEX_POSE A98 -0.909332 0.191416 0.158961 0.752207 -0.651067 -0.101470 -0.657846 -0.733202 -0.172201 0.037716 0.196283 -0.979822
VERTEX_POSE A99 0.800675 -0.322877 -0.729281 0.430219 -0.149275 0.890297 0.696994 0.681680 -0.222513 -0.573682 0.716260 0.397315
VERTEX_POSE A100 0.874101 -0.950237 0.012084 0.371983 -0.892047 0.256672 0.610799 0.027012 -0.791325 0.698965 0.451135 0.554910
VERTEX_POSE A101 -0.308122 -0.438863 0.925152 0.586600 0.410365 0.698212 -0.315675 0.909789 -0.269504 0.745821 0.062317 -0.663225
VERTEX_POSE A102 0.998250 -0.130237 0.063832 -0.412165 -0.489410 -0.768504 -0.734252 -0.320977 0.598204 -0.539439 0.810834 -0.227055
VERTEX_POSE A103 0.391090 -0.340870 -0.492252 0.325260 -0.894524 0.306646 0.818847 0.104242 -0.564466 0.472964 0.434695 0.766385
VERTEX_POSE A104 -0.508747 0.106461 0.577343 0.749275 -0.463369 -0.473156 -0.523980 -0.851719 0.004344 0.405009 -0.244670 0.880968
VERTEX_POSE A105 0.637498 0.116097 -0.812982 -0.607946 -0.776110 -0.167499 -0.679527 0.617715 -0.395817 0.410664 -0.126815 -0.902925
VERTEX_POSE A106 -0.350236 -0.973755 -0.725136 -0.993670 -0.093822 -0.061786 0.057625 -0.897820 0.436577 0.096433 -0.430253 -0.897543
VERTEX_POSE A107 -0.848044 0.695845 0.703374 0.273614 -0.682731 -0.677506 -0.953646 -0.284304 -0.098638 0.125275 -0.673090 0.728873
VERTEX_POSE A108 0.750320 -0.122435 -0.982619 -0.683034 -0.709946 0.171585 -0.085208 0.310773 0.946657 -0.725400 0.631978 -0.272761
VERTEX_POSE A109 -0.846293 0.033658 0.492394 0.163637 0.901220 -0.401279 -0.985785 0.165081 -0.031240 0.038090 0.400687 0.915423
VERTEX_POSE A110 0.757002 0.187969 0.371017 -0.097997 0.966951 0.235376 -0.705228 0.099403 -0.701977 0.702175 0.234785 -0.672180
VERTEX_POSE A111 -0.680835 0.912832 0.966300 -0.754614 -0.354474 -0.552182 -0.581705 -0.027975 0.812919 0.303606 -0.934647 0.185089
VERTEX_POSE A112 -0.700931 0.632930 -0.003904 0.980820 0.110259 0.160731 0.190937 -0.709240 -0.678618 -0.039173 -0.696292 0.716689
VERTEX_POSE A113 0.172826 0.099624 -0.472017 0.192360 0.708049 0.679459 -0.029314 -0.687935 0.725180 0.980887 -0.159413 -0.111575
VERTEX_POSE A114 0.957473 0.257559 0.049133 -0.664468 0.629585 -0.402624 -0.255039 0.315373 0.914054 0.702451 0.710044 -0.048986
VERTEX_POSE A115 0.558660 -0.711200 0.124272 -0.310190 -0.950526 0.016788 -0.843755 0.283397 0.455812 0.438019 -0.127223 0.889918
VERTEX_POSE A116 -0.907065 -0.414230 -0.805877 0.233327 -0.888306 -0.395564 0.632424 -0.170378 0.755653 0.738647 0.426478 -0.522032
VERTEX_POSE A117 0.313303 0.307394 -0.418522 -0.423867 -0.894211 -0.143958 -0.856428 0.343980 0.384979 -0.294734 0.286469 -0.911629
VERTEX_POSE A118 -0.560423 -0.259995 -0.295872 0.392722 -0.838954 0.376731 0.604136 -0.073511 -0.793484 0.693390 0.539215 0.477973
VERTEX_POSE A119 0.605302 -0.720841 0.695081 0.989997 -0.117833 -0.077599 0.094151 0.142112 0.985363 -0.105080 -0.982812 0.151784
VERTEX_POSE A120 0.716793 0.690336 -0.799122 0.104693 0.993934 -0.033687 -0.803064 0.104472 0.586663 -0.586623 0.034367 -0.809130
VERTEX_POSE A121 -0.378708 -0.965332 -0.307284 0.693085 -0.717206 0.072445 0.718685 0.695293 0.007718 0.055906 -0.046716 -0.997343
VERTEX_POSE A122 0.848976 0.355621 0.423445 -0.653760 -0.660925 -0.368479 -0.054971 -0.444186 0.894247 -0.754703 0.604878 0.254059
VERTEX_POSE A123 -0.875891 0.469136 -0.547824 -0.525843 0.195329 0.827850 -0.048656 0.964774 -0.258542 0.849189 0.176232 0.497816
VERTEX_POSE A124 0.190903 0.427933 0.435866 0.142026 0.270643 0.952145 0.214940 -0.947378 0.237226 -0.966245 -0.170962 0.192725
VERTEX_POSE A125 -0.676255 0.172181 0.390313 0.422832 0.285213 -0.860155 -0.896364 -0.007892 -0.443248 -0.133208 0.958432 0.252317
VERTEX_POSE A126 -0.986472 -0.690934 0.103550 0.894942 -0.077281 0.439439 -0.366336 -0.689505 0.624805 -0.254710 0.720146 0.645378
VERTEX_POSE A127 -0.223814 -0.545460 0.328986 -0.635753 -0.682728 0.360140 0.747133 -0.427055 0.509329 -0.193933 0.592880 0.781591
VERTEX_POSE A128 -0.029898 0.158489 0.347472 -0.737566 0.239827 0.631252 -0.675233 -0.272297 -0.685503 -0.007486 0.931846 -0.362777
VERTEX_POSE A129 -0.895804 0.500482 -0.737489 -0.759135 -0.155973 -0.631970 -0.527082 0.716995 0.456183 -0.381967 -0.679405 0.626507
VERTEX_POSE A130 -0.423140 0.131663 0.599705 0.548452 0.295241 -0.782325 -0.521956 -0.610056 -0.596148 0.653270 -0.735299 0.180484
VERTEX_POSE A131 -0.155796 0.208252 -0.640444 -0.976368 0.174816 0.127066 0.057172 0.775937 -0.628215 0.208417 0.606104 0.767594
VERTEX_POSE A132 -0.203926 -0.938381 -0.812337 -0.338541 -0.487622 -0.804745 -0.331948 -0.738368 0.587046 -0.880455 0.465872 0.088102
VERTEX_POSE A133 -0.424889 -0.998573 -0.336463 0.358913 0.591349 0.722141 -0.597987 0.739735 -0.308550 0.716654 0.321089 -0.619119
VERTEX_POSE A134 -0.764706 0.867382 -0.132696 0.333164 -0.788615 -0.516806 -0.136536 -0.582696 0.801139 0.932931 0.196347 0.301808
VERTEX_POSE A135 0.287326 0.168080 0.765006 -0.029315 0.228212 -0.973170 -0.995501 0.081091 0.049004 -0.090099 -0.970229 -0.224808
VERTEX_POSE A136 -0.787391 0.117524 -0.149445 0.225101 -0.028977 0.973904 -0.300740 0.948685 0.097738 0.926761 0.314893 -0.204835
VERTEX_POSE A137 -0.114943 0.893627 0.142167 0.753477 0.092092 0.650993 0.651863 -0.233725 -0.721420 0.085716 0.967932 -0.236138
VERTEX_POSE A138 0.439282 -0.136075 0.468380 -0.568632 -0.820614 0.057016 -0.760394 0.497933 -0.416969 0.313780 -0.280456 -0.907131
VERTEX_POSE A139 0.962929 0.995089 -0.132064 -0.100698 -0.590666 0.800608 -0.033673 -0.802214 -0.596086 0.994347 -0.086983 0.060892
VERTEX_POSE A140 0.038764 -0.072716 -0.365438 -0.188620 -0.963378 0.190591 0.876429 -0.252690 -0.409902 0.443051 0.089724 0.891995
VERTEX_POSE A141 0.196285 -0.948105 -0.160603 0.670978 -0.735990 -0.090045 0.149177 0.252951 -0.955909 -0.726316 -0.627961 -0.279518
VERTEX_POSE A142 -0.717906 0.907921 -0.165765 -0.460053 0.398851 -0.793265 -0.319618 -0.907925 -0.271140 0.828369 -0.128802 -0.545174
VERTEX_POSE A143 0.337833 -0.439785 0.630658 0.534053 -0.147003 0.832573 0.839506 -0.024369 -0.542804 -0.100083 -0.988836 -0.110396
VERTEX_POSE A144 -0.630889 0.151519 0.367380 -0.266788 0.218449 -0.938672 -0.370400 0.875927 0.309122 0.889735 0.430154 -0.152773
VERTEX_POSE A145 -0.760434 0.165480 0.883369 0.287976 -0.664689 -0.689390 -0.351706 0.596169 -0.721724 0.890715 0.450302 -0.062093
VERTEX_POSE A146 -0.103507 -0.150986 -0.245070 0.593301 0.630561 0.500387 0.518840 -0.774815 0.361200 -0.615466 -0.045320 0.786859
VERTEX_POSE A147 -0.537954 0.737288 0.561503 0.776832 0.412373 -0.475900 0.004109 -0.759050 -0.651019 0.629695 -0.503777 0.591349
VERTEX_POSE A148 0.552870 -0.527126 -0.535153 -0.072773 -0.991365 0.109085 0.594874 -0.130935 -0.793083 0.800518 0.007178 0.599266
VERTEX_POSE A149 0.336070 0.589019 0.459059 0.701267 -0.058572 0.710489 0.440782 0.818912 -0.367551 -0.560300 0.570922 0.600093
VERTEX_POSE A150 -0.932652 -0.983553 0.256584 0.506714 -0.568472 0.648136 0.856253 0.419371 -0.301595 0.100361 -0.707790 -0.699257
VERTEX_POSE A151 0.269662 -0.836790 -0.334276 -0.644680 0.652301 0.398612 -0.650394 -0.194012 -0.734403 -0.401716 -0.732710 0.549328
VERTEX_POSE A152 0.957362 0.623687 -0.848225 -0.853265 -0.399931 0.334656 -0.501842 0.455301 -0.735429 0.141751 -0.795460 -0.589194
VERTEX_POSE A153 0.916324 0.372068 -0.319972 -0.845048 -0.529961 0.070961 0.466155 -0.795221 -0.387716 -0.261904 0.294559 -0.919044
VERTEX_POSE A154 0.393771 0.632346 0.117901 -0.636625 0.663161 0.393607 0.642334 0.738438 -0.205223 -0.426750 0.122177 -0.896079
VERTEX_POSE A155 0.148264 0.051620 0.587641 -0.705134 0.696083 0.135109 -0.489773 -0.340343 -0.802676 -0.512746 -0.632167 0.580910
VERTEX_POSE A156 -0.759931 -0.455750 -0.929659 0.612596 0.218234 -0.759671 0.029595 -0.966786 -0.253867 0.789842 -0.133035 0.598708
VERTEX_POSE A157 0.407299 0.941412 -0.778550 -0.722385 -0.657535 -0.214027 -0.553180 0.735233 -0.391693 0.414912 -0.164558 -0.894857
VERTEX_POSE A158 0.924450 0.506160 -0.083373 0.128240 -0.250284 -0.959642 0.502241 -0.817985 0.280455 -0.855166 -0.517937 0.020805
VERTEX_POSE A159 0.210172 0.702739 0.417813 0.938498 0.140766 -0.315288 0.214103 -0.953630 0.211542 -0.270890 -0.266035 -0.925118
VERTEX_POSE A160 0.511495 0.441894 -0.516039 0.743700 0.082146 0.663447 0.478708 -0.758169 -0.442740 0.466636 0.646863 -0.603174
VERTEX_POSE A161 -0.498689 -0.362176 -0.483668 0.399402 -0.101347 0.911157 -0.678838 -0.700671 0.219632 0.616162 -0.706250 -0.348648
VERTEX_POSE A162 -0.945624 -0.089009 0.777369 -0.481143 0.270118 -0.833989 -0.727672 0.407470 0.551781 0.488871 0.872356 0.000506
VERTEX_POSE A163 -0.692431 0.503513 -0.328376 -0.722908 0.538946 -0.432367 -0.627037 -0.774566 0.082895 0.290221 -0.331036 -0.897879
VERTEX_POSE A164 0.076421 -0.360750 0.179869 0.384641 -0.719075 -0.578777 0.743120 0.613170 -0.267947 0.547562 -0.327037 0.770209
VERTEX_POSE A165 -0.710331 -0.221627 -0.355327 -0.941196 0.281668 0.186582 -0.337745 -0.798856 -0.497753 -0.008851 0.531500 -0.847012
VERTEX_POSE A166 0.594895 -0.328406 -0.563371 0.752669 0.650775 0.099909 -0.642109 0.759092 -0.107127 -0.145556 0.016479 0.989213
VERTEX_POSE A167 0.289030 0.756774 -0.969576 -0.365698 0.873311 0.321859 0.711000 0.485285 -0.508898 -0.600619 0.042739 -0.798392
VERTEX_POSE A168 0.174727 -0.328001 0.786840 -0.149464 -0.318784 -0.935969 -0.837110 -0.462983 0.291366 -0.526220 0.827057 -0.197657
VERTEX_POSE A169 0.034178 0.535519 0.905009 -0.191043 -0.132170 0.972643 0.968488 0.135926 0.208698 -0.159791 0.981863 0.102037
VERTEX_POSE A170 0.251959 0.751863 -0.101641 -0.536381 -0.025982 -0.843576 -0.331038 0.925905 0.181970 0.776343 0.376861 -0.505240
VERTEX_POSE A171 -0.786510 0.599284 -0.578598 0.092242 0.819641 0.565402 0.472928 0.463628 -0.749259 0.876260 -0.336508 0.344865
VERTEX_POSE A172 -0.769538 0.587414 -0.255594 0.548106 -0.424889 -0.720450 0.188932 -0.776205 0.601507 -0.814791 -0.465806 -0.345167
VERTEX_POSE A173 0.534053 0.659784 0.732595 -0.638729 -0.253285 -0.726548 -0.759051 0.052839 0.648883 -0.125962 0.965948 -0.226006
VERTEX_POSE A174 0.551323 -0.840502 -0.947940 0.684516 -0.412649 -0.600964 0.728013 0.344104 0.592950 -0.037887 -0.843394 0.535958
VERTEX_POSE A175 -0.400427 -0.261068 -0.888214 0.961978 -0.109026 -0.250421 0.272305 0.453852 0.848451 -0.021151 0.884382 -0.466284
VERTEX_POSE A176 0.773619 -0.174736 0.615963 0.129597 -0.653898 -0.745400 -0.800583 -0.512541 0.310433 0.585040 -0.556524 0.589924
VERTEX_POSE A177 -0.552184 0.008512 -0.193010 0.888569 0.457198 0.037632 0.356868 -0.637364 -0.682944 0.288255 -0.620272 0.729501
VERTEX_POSE A178 0.061619 -0.523779 0.673289 -0.147966 0.573609 0.805654 0.857230 -0.331871 0.393724 0.493217 0.748888 -0.442609
VERTEX_POSE A179 0.326489 0.298137 -0.919190 -0.419534 -0.556704 -0.716988 -0.055506 -0.772650 0.632401 0.906041 -0.305110 -0.293252
VERTEX_POSE A180 0.783886 -0.402469 -0.733951 -0.320778 -0.825017 -0.465241 0.895673 -0.104489 -0.432264 0.308012 -0.555364 0.772463
VERTEX_POSE A181 0.128967 -0.507332 -0.070128 -0.066576 0.963337 0.259903 0.360934 0.266093 -0.893824 0.930212 -0.034301 0.365417
VERTEX_POSE A182 -0.403849 0.461348 -0.253466 0.837121 0.183184 0.515434 0.535156 -0.469413 -0.702324 -0.113296 -0.863768 0.490988
VERTEX_POSE A183 0.741247 -0.778781 -0.582176 -0.545974 0.732017 -0.407510 0.071065 0.525114 0.848059 0.834783 0.434059 -0.338720
VERTEX_POSE A184 0.045291 0.864736 0.609901 -0.196577 0.928132 -0.316115 -0.978179 -0.207755 -0.001698 0.067251 -0.308883 -0.948719
VERTEX_POSE A185 0.989922 0.093693 0.864434 0.468751 0.077955 -0.879884 -0.681482 -0.601842 -0.416375 -0.562010 0.794801 -0.228990
VERTEX_POSE A186 -0.110488 0.272839 -0.994535 -0.039454 -0.997417 0.060028 0.965209 -0.022502 0.260508 -0.258484 0.068217 0.963604
VERTEX_POSE A187 0.285360 -0.591014 0.680242 0.434977 0.633633 0.639769 0.540772 -0.751931 0.377049 -0.719973 -0.181961 0.669723
VERTEX_POSE A188 0.397221 0.035105 -0.914115 0.261274 -0.687666 0.677386 0.654218 -0.389839 -0.648093 0.709742 0.612488 0.348029
VERTEX_POSE A189 -0.186038 -0.221001 -0.077908 0.121733 0.342090 0.931749 0.020626 0.937656 -0.346953 -0.992349 0.061454 0.107088
VERTEX_POSE A190 -0.504468 -0.888275 0.098055 -0.161580 -0.291798 -0.942733 0.985583 0.000860 -0.169191 0.050180 -0.956480 0.287452
VERTEX_POSE A191 -0.091284 -0.523001 -0.430154 -0.568242 0.647576 -0.507688 -0.699975 -0.056054 0.711964 -0.432593 -0.759936 -0.485139
VERTEX_POSE A192 0.315273 0.416822 0.438424 -0.560214 0.801965 -0.207393 -0.230594 -0.391457 -0.890835 0.795604 0.451235 -0.404228
VERTEX_POSE A193 -0.450092 0.022716 -0.124576 -0.778935 -0.620788 0.088785 -0.206342 0.387413 0.898518 -0.592185 0.681567 -0.429864
VERTEX_POSE A194 0.216285 0.980512 0.241469 -0.724837 -0.024608 -0.688480 0.604465 0.456718 -0.652710 0.330503 -0.889271 -0.316172
VERTEX_POSE A195 -0.608306 -0.943928 -0.381707 0.596848 -0.095843 0.796610 0.559971 0.760816 -0.328013 0.574635 -0.641852 -0.507761
VERTEX_POSE A196 -0.160423 0.801089 0.520097 0.719567 0.684425 0.117409 -0.590472 0.514062 0.622160 -0.365467 0.517013 -0.774036
VERTEX_POSE A197 -0.188819 -0.347894 0.678099 -0.037372 0.719435 0.693554 0.971682 -0.135883 0.193313 0.233319 0.681138 -0.693984
VERTEX_POSE A198 0.680724 0.812846 -0.351283 -0.676177 -0.731434 0.088254 0.702166 -0.603541 0.377758 0.223040 -0.317401 -0.921689
VERTEX_POSE A199 -0.985696 -0.526912 0.306937 0.919660 -0.293963 0.260407 0.328342 0.939335 -0.099205 -0.215447 0.176737 0.960389
VERTEX_POSE A200 0.845358 -0.812375 0.583108 0.073194 0.984221 -0.161098 -0.762018 -0.049018 -0.645698 0.643406 -0.170021 -0.746406
VERTEX_POSE A201 -0.067316 0.564709 0.547076 0.222412 -0.602074 0.766837 -0.951809 -0.304447 0.037028 0.211168 -0.738118 -0.640773
VERTEX_POSE A202 -0.772206 -0.927629 0.728339 0.725655 0.026305 0.687556 -0.349337 -0.846811 0.401092 -0.592781 0.531243 0.605303
VERTEX_POSE A203 -0.924179 0.775038 -0.672486 -0.426061 0.351143 0.833769 -0.852957 0.151280 -0.499578 -0.301556 -0.924020 0.235055
VERTEX_POSE A204 -0.533264 0.224493 0.279670 0.534538 -0.829757 -0.160537 -0.793943 -0.558122 0.241150 0.289695 0.001446 0.957118
VERTEX_POSE A205 0.779117 -0.768130 0.780399 0.905642 0.335873 0.258849 0.362727 -0.929789 -0.062624 0.219641 0.150606 -0.963886
VERTEX_POSE A206 -0.324606 -0.486030 -0.560700 0.004324 0.999191 -0.039995 0.684729 -0.032107 -0.728091 0.728785 0.024237 0.684313
VERTEX_POSE A207 -0.759645 -0.950244 -0.104366 -0.650606 -0.514761 0.558331 0.060694 0.697613 0.713899 0.756987 -0.498354 0.422628
VERTEX_POSE A208 -0.773067 0.240382 -0.412611 0.508039 -0.653806 0.560744 -0.708119 0.053598 0.704055 -0.490370 -0.754761 -0.435743
VERTEX_POSE A209 0.737013 -0.009809 -0.887412 -0.127395 -0.376379 -0.917665 0.663349 -0.720168 0.203287 -0.737386 -0.582835 0.341416
VERTEX_POSE A210 0.566844 0.347894 -0.023557 0.563280 -0.629204 -0.535554 -0.660575 0.046431 -0.749323 -0.496344 -0.775852 0.389482
VERTEX_POSE A211 -0.989181 0.837913 -0.146562 0.611210 0.779099 -0.139385 -0.058370 0.220001 0.973752 -0.789313 0.587031 -0.179942
VERTEX_POSE A212 -0.134020 0.482859 0.042461 0.849585 0.493826 -0.185316 0.053717 0.268508 0.961779 -0.524710 0.827067 -0.201593
VERTEX_POSE A213 -0.837006 -0.190759 0.722977 0.018533 0.624929 -0.780462 0.111561 -0.777014 -0.619519 -0.993585 -0.075588 -0.084118
VERTEX_POSE A214 0.752066 -0.940868 0.271262 0.056572 0.812973 -0.579547 0.911462 0.194855 0.362310 0.407476 -0.548731 -0.729971
VERTEX_POSE A215 0.911271 0.347595 -0.347638 0.651413 0.146932 -0.744360 0.004960 0.980224 0.197830 0.758707 -0.132560 0.637802
VERTEX_POSE A216 -0.847083 0.902935 0.587412 0.495774 0.813246 0.304695 0.450662 -0.540828 0.710218 0.742369 -0.214793 -0.634627
VERTEX_POSE A217 -0.358422 0.331971 0.276726 -0.424616 0.505119 -0.751369 -0.877320 -0.024570 0.479276 -0.223631 -0.862700 -0.453584
VERTEX_POSE A218 0.196632 0.756581 -0.667397 -0.651550 0.211180 -0.728619 0.384144 -0.736376 -0.556941 -0.654152 -0.642770 0.398663
VERTEX_POSE A219 0.550138 -0.061960 0.673296 0.443138 0.590969 0.674081 0.334648 -0.806636 0.487185 -0.831649 -0.009690 0.555217
VERTEX_POSE A220 0.455540 -0.889031 -0.801182 0.255254 0.591149 0.765107 -0.342200 -0.684867 0.643317 0.904292 -0.426029 0.027476
VERTEX_POSE A221 0.692164 0.868306 0.430658 0.784457 -0.097114 0.612532 -0.144282 -0.989142 0.027956 -0.603166 0.110308 0.789951
VERTEX_POSE A222 -0.541146 0.415038 -0.756858 -0.770176 0.046217 0.636155 -0.393390 0.750661 -0.530803 0.502069 0.659069 0.559960
VERTEX_POSE A223 -0.229187 0.527792 0.637242 0.338265 0.863023 0.375190 -0.939671 0.288176 0.184319 -0.050951 0.414904 -0.908438
VERTEX_POSE A224 -0.757928 -0.108979 -0.693917 -0.282708 -0.671417 -0.685037 0.675396 -0.646455 0.354874 0.681114 0.362346 -0.636230
VERTEX_POSE A225 0.675140 0.395550 0.484611 -0.417598 -0.875375 0.243578 -0.555322 0.458058 0.694118 0.719187 -0.154598 0.677399
VERTEX_POSE A226 0.162507 0.583864 -0.744465 0.554819 0.475979 -0.682363 -0.831585 0.292280 -0.472271 0.025350 -0.829468 -0.557979
VERTEX_POSE A227 0.081648 -0.307890 0.826180 0.056347 -0.567733 0.821282 -0.994626 0.039641 0.095642 -0.086855 -0.822258 -0.562449
VERTEX_POSE A228 -0.513679 -0.952344 0.162710 0.338018 -0.814794 -0.471014 -0.544792 -0.577496 0.608030 0.767428 -0.051079 0.639097
VERTEX_POSE A229 -0.156769 0.396711 -0.095749 -0.914768 -0.398189 -0.068156 -0.384513 0.806467 0.449178 -0.123892 0.437100 -0.890839
VERTEX_POSE A230 0.095952 0.165198 0.133117 -0.484212 -0.595802 -0.640749 -0.148027 -0.665985 0.731131 -0.862338 0.448870 0.234283
VERTEX_POSE A231 -0.668321 -0.764719 -0.254182 0.252106 0.879016 0.404689 -0.702866 0.453777 -0.547782 0.665148 0.146343 -0.732231
VERTEX_POSE A232 0.775914 -0.038580 -0.548673 0.804539 -0.584410 0.105749 0.586278 0.753086 -0.298561 -0.094843 -0.302203 -0.948514
VERTEX_POSE A233 0.323746 0.237569 -0.138544 -0.556849 0.378859 0.739178 -0.371312 -0.909589 0.186480 0.742998 -0.170625 0.647179
VERTEX_POSE A234 -0.592500 -0.989681 0.073331 0.565507 -0.778576 0.272067 0.291575 0.497312 0.817107 -0.771483 -0.382752 0.508247
VERTEX_POSE A235 -0.757349 -0.814087 0.730998 0.548889 0.518391 0.655737 0.768808 -0.621005 -0.152603 0.328108 0.587898 -0.739406
VERTEX_POSE A236 0.102863 0.469439 -0.358145 -0.598229 -0.249253 0.761574 0.082863 -0.964540 -0.250590 -0.797029 0.086804 -0.597670
VERTEX_POSE A237 0.082894 -0.475711 0.512631 0.196052 0.793078 -0.576706 -0.431246 -0.458461 -0.777072 -0.880676 0.401049 0.252129
VERTEX_POSE A238 -0.516994 -0.764330 -0.373369 -0.556442 0.717756 -0.418567 0.822143 0.402731 -0.402354 0.120223 0.568009 0.814194
VERTEX_POSE A239 0.329796 -0.290179 0.229245 0.594340 0.373887 0.712018 0.569469 -0.820816 -0.044333 -0.567860 -0.431821 0.700761
VERTEX_POSE A240 -0.180093 0.514480 0.625219 -0.792297 0.593530 0.141373 -0.510228 -0.771586 0.379899 -0.334563 -0.228860 -0.914161
VERTEX_POSE A241 -0.950151 0.583564 0.603075 -0.755004 0.374710 0.538109 -0.613272 -0.693980 -0.377213 0.232091 -0.614805 0.753757
VERTEX_POSE A242 0.340615 -0.452266 -0.917317 0.664541 0.566055 0.487819 -0.259397 0.786969 -0.559815 -0.700785 0.245481 0.669806
VERTEX_POSE A243 0.685888 -0.002661 -0.332320 0.352606 0.922033 0.159761 -0.631934 0.360538 -0.686055 -0.690166 0.140949 0.709792
VERTEX_POSE A244 -0.787156 -0.607195 0.326052 -0.339221 0.940371 0.025125 0.724842 0.244262 0.644158 -0.599611 -0.236724 0.764479
VERTEX_POSE A245 0.092681 -0.393134 0.353945 -0.945931 0.269530 0.180464 0.042792 -0.447801 0.893108 0.321532 0.852542 0.412056
VERTEX_POSE A246 0.597159 -0.655067 0.320042 -0.691418 0.718175 0.078525 -0.205065 -0.090872 -0.974521 0.692740 0.689904 -0.210104
VERTEX_POSE A247 -0.634240 -0.704260 -0.086536 0.728880 -0.683326 -0.042417 -0.532683 -0.604934 0.591865 -0.430096 -0.408804 -0.804920
VERTEX_POSE A248 0.734259 0.938836 -0.369329 -0.762504 -0.596697 -0.250080 -0.560919 0.802320 -0.204091 -0.322424 0.015346 0.946471
VERTEX_POSE A249 -0.206209 -0.898486 0.652645 -0.111544 0.777942 0.618356 -0.945897 0.107668 -0.306084 0.304693 0.619043 -0.723843
VERTEX_POSE A250 0.915898 0.233779 -0.413240 -0.637544 -0.274183 0.719973 0.707411 0.161793 0.688035 0.305134 -0.947970 -0.090810
VERTEX_POSE A251 0.189799 -0.950194 -0.170511 0.676664 -0.681772 0.278053 -0.223473 -0.549993 -0.804715 -0.701560 -0.482384 0.524518
VERTEX_POSE A252 -0.514046 0.969820 0.083304 -0.563542 0.731943 -0.382988 0.342968 -0.214470 -0.914536 -0.751528 -0.646732 -0.130170
VERTEX_POSE A253 -0.625248 -0.351183 -0.170098 0.662239 -0.114916 -0.740428 0.213114 0.976245 0.039094 0.718346 -0.183685 0.670998
VERTEX_POSE A254 0.960611 0.577598 -0.533269 0.126331 0.079863 0.988768 0.766662 -0.640384 -0.046230 0.629500 0.763891 -0.142128
VERTEX_POSE A255 -0.271974 -0.139159 0.389387 -0.554647 0.290177 -0.779849 0.061283 -0.920431 -0.386072 0.829826 0.261925 -0.492731
VERTEX_POSE A256 -0.950108 -0.955632 -0.685486 0.408410 -0.421919 0.809435 0.474383 0.855711 0.206685 0.779847 -0.299571 -0.549632
VERTEX_POSE A257 0.123118 0.161462 -0.277734 0.615309 -0.442786 0.652178 0.517064 0.851194 0.090071 0.595012 -0.281796 -0.752696
VERTEX_POSE A258 0.809674 0.552951 0.215566 0.069911 -0.803325 -0.591423 0.574139 0.517236 -0.634690 0.815768 -0.295187 0.497380
VERTEX_POSE A259 -0.463787 -0.907976 0.477223 0.288954 0.436232 -0.852178 0.887908 -0.454940 0.068184 0.357946 0.776358 0.518790
VERTEX_POSE A260 0.966349 -0.441827 0.626517 0.430887 0.246884 -0.867977 -0.403325 -0.807745 -0.429973 0.807258 -0.535347 0.248473
VERTEX_POSE A261 -0.094374 -0.281851 -0.651317 -0.367253 -0.747776 -0.553134 0.875585 -0.478583 0.065647 -0.313810 -0.460206 0.830502
VERTEX_POSE A262 -0.132108 -0.672695 -0.776959 -0.129433 0.720514 -0.681253 -0.556759 0.515704 0.651205 -0.820528 -0.463582 -0.334404
VERTEX_POSE A263 0.742263 0.519593 -0.922155 -0.447057 0.610289 -0.653978 -0.828075 -0.558843 0.044559 -0.338277 0.561464 0.755200
VERTEX_POSE A264 -0.770628 0.955718 0.210139 0.176889 0.973538 -0.144685 0.450765 0.050547 0.891211 -0.874941 0.222865 0.429895
VERTEX_POSE A265 0.275392 -0.662376 0.296372 -0.552308 -0.721627 -0.417384 -0.472438 0.683460 -0.556494 0.686846 -0.110168 -0.718405
VERTEX_POSE A266 0.984914 0.705506 0.808842 0.384105 0.615419 -0.688276 0.752956 0.222634 0.619267 -0.534342 0.756104 0.377869
VERTEX_POSE A267 0.332235 0.425157 0.851994 -0.441187 -0.207150 -0.873180 -0.795732 -0.359572 0.487359 -0.414927 0.909833 -0.006198
VERTEX_POSE A268 -0.641714 -0.138087 -0.190997 0.058482 0.826627 -0.559704 -0.584847 0.482743 0.651854 0.809033 0.289219 0.511682
VERTEX_POSE A269 -0.532080 0.941176 -0.564526 0.688687 0.290972 -0.664113 0.232051 0.779315 0.582083 0.686923 -0.554981 0.469184
VERTEX_POSE A270 -0.337968 -0.865023 0.081239 0.558597 -0.688040 -0.463217 0.001305 -0.557740 0.830015 -0.829438 -0.464248 -0.310654
VERTEX_POSE A271 0.178193 -0.623607 -0.565777 -0.789181 -0.483435 0.378793 0.238416 -0.809545 -0.536465 -0.565996 0.333058 -0.754136
VERTEX_POSE A272 -0.482231 0.524740 -0.961452 0.356767 0.424625 -0.832113 -0.241303 -0.818614 -0.521195 0.902491 -0.386736 0.189591
VERTEX_POSE A273 -0.997354 -0.317289 0.163922 0.261461 0.692534 0.672336 0.845617 -0.500196 0.186376 0.465371 0.519808 -0.716400
VERTEX_POSE A274 -0.135920 0.373731 0.101903 -0.935476 -0.038221 0.351317 -0.056405 -0.965240 -0.255205 0.348860 -0.258554 0.900803
VERTEX_POSE A275 -0.269387 0.917545 0.364601 -0.585512 0.428552 0.688127 -0.623040 -0.780965 -0.043761 -0.518650 0.454353 -0.724269
VERTEX_POSE A276 0.095327 0.289577 -0.482134 -0.203621 -0.761030 -0.615931 -0.539410 -0.437813 0.719275 -0.817053 0.478699 -0.321359
VERTEX_POSE A277 -0.538761 0.718664 -0.578055 0.645019 -0.303966 0.701109 0.210581 -0.811255 -0.545454 -0.734579 -0.499469 0.459266
VERTEX_POSE A278 0.096373 -0.786716 -0.721935 0.855851 0.513656 0.060636 -0.166190 0.384117 -0.908204 -0.489796 0.767211 0.414111
VERTEX_POSE A279 -0.170414 0.228414 0.148538 -0.631154 0.109448 -0.767897 0.396384 -0.805452 -0.440599 -0.666727 -0.582467 0.464981
VERTEX_POSE A280 0.255030 0.820179 -0.925409 -0.301053 -0.320236 -0.898229 0.876005 -0.465061 -0.127801 0.376805 0.825328 -0.420537
VERTEX_POSE A281 0.012271 0.447063 -0.135175 0.838702 0.383086 0.387070 0.276133 -0.911759 0.304050 -0.469392 0.148125 0.870477
VERTEX_POSE A282 -0.980615 0.278219 0.978027 -0.670437 -0.487528 -0.559313 0.641630 -0.759503 -0.107083 0.372593 0.430665 -0.822011
VERTEX_POSE A283 0.740984 0.789998 0.157894 -0.511358 -0.805348 -0.299879 0.249153 -0.472901 0.845155 -0.822457 0.357461 0.442476
VERTEX_POSE A284 0.387023 -0.904119 0.694728 0.944927 0.080513 0.317224 0.259588 0.405919 -0.876267 0.199318 -0.910356 -0.362664
VERTEX_POSE A285 0.979997 -0.144183 -0.555242 -0.636351 0.757687 0.144805 -0.761554 -0.646957 0.038502 -0.122855 0.085776 -0.988711
VERTEX_POSE A286 -0.530990 -0.349161 -0.452719 0.916722 -0.399280 -0.014020 0.318790 0.709868 0.628061 0.240820 0.580226 -0.778038
VERTEX_POSE A287 0.436916 -0.859751 -0.990759 -0.868659 0.256924 -0.423582 -0.463567 -0.119944 0.877906 0.174749 0.958960 0.223292
VERTEX_POSE A288 0.103115 -0.982721 0.167024 0.291080 -0.040029 0.955861 0.953598 0.092521 -0.286516 0.076968 -0.994906 -0.065103
VERTEX_POSE A289 -0.721316 -0.796210 0.762847 0.018757 -0.997875 -0.062407 -0.020111 -0.062782 0.997825 0.999622 0.017462 0.021246
VERTEX_POSE A290 0.973128 -0.767727 0.486465 0.472695 0.558227 0.681867 0.861630 -0.130507 -0.490470 0.184805 -0.819360 0.542675
VERTEX_POSE A291 0.069464 -0.424548 -0.206459 -0.531035 0.047317 0.846028 -0.505139 0.783951 -0.360911 0.680321 0.619017 0.392403
VERTEX_POSE A292 0.184311 -0.078061 -0.888470 0.226384 0.506105 -0.832231 0.733173 0.473960 0.487668 0.641255 -0.720569 -0.263766
VERTEX_POSE A293 -0.158980 -0.440422 0.709506 -0.636667 0.451661 -0.625026 -0.161428 0.714503 0.680754 -0.754053 -0.534311 0.381990
VERTEX_POSE A294 -0.188273 -0.904954 -0.128615 0.104720 -0.314646 0.943415 -0.887353 -0.457892 -0.054218 0.449042 -0.831464 -0.327153
VERTEX_POSE A295 0.413683 -0.122343 0.321670 -0.548016 0.699689 0.458382 -0.581715 -0.712575 0.392231 0.601071 -0.051699 0.797522
VERTEX_POSE A296 -0.883588 -0.102799 0.005878 0.622973 0.482772 0.615496 0.439852 0.434474 -0.785979 -0.646866 0.760371 0.058317
VERTEX_POSE A297 -0.203359 0.800552 -0.319772 -0.714872 0.635332 -0.292082 -0.694082 -0.695430 0.186081 0.084899 -0.335753 -0.938116
VERTEX_POSE A298 -0.254082 -0.697187 0.173664 -0.546274 -0.244479 -0.801133 0.089170 0.934046 -0.345843 -0.832847 0.260362 0.488444
VERTEX_POSE A299 -0.525302 0.759114 0.814881 0.031107 -0.623646 -0.781088 0.970639 0.205333 -0.125289 -0.238519 0.754257 -0.611723
VERTEX_POSE A300 0.264561 0.741728 0.115701 0.310693 0.890394 0.332669 0.332309 -0.429656 0.839623 -0.890528 0.150316 0.429377
VERTEX_POSE A301 0.407950 -0.562210 -0.745097 0.520588 0.852440 0.048309 -0.837288 0.520774 -0.166564 0.167144 -0.046263 -0.984847
VERTEX_POSE A302 0.652890 -0.864494 -0.750896 0.139086 0.138189 0.980591 0.610251 -0.791812 0.025029 -0.779903 -0.594926 0.194460
VERTEX_POSE A303 0.782330 0.266468 0.154250 0.345866 0.856993 0.382020 -0.845677 0.108350 0.522580 0.406456 -0.503809 0.762214
VERTEX_POSE A304 0.410596 0.120502 0.418825 -0.738209 -0.568080 -0.363776 0.582428 -0.264683 -0.768583 -0.340332 0.779248 -0.526257
VERTEX_POSE A305 -0.483029 0.509237 0.351008 0.650488 -0.000375 -0.759517 -0.742312 0.211322 -0.635858 0.160741 0.977416 0.137184
